3748070
2902455
1585642
2147042
2966433
674648
1888424
3086532
563378
3810195
2659913
57740
1625826
3678576
2584974
3688927
3242511
2965795
1685
3489303
1716907
2420588
412485
1846767
2153822
901584
1546090
2802225
712172
3995983
656191
113969
1516293
1018912
3047080
2518857
3718810
482348
574007
1021801
1910820
2449085
40126
1993082
2766459
227480
1208923
883010
2470852
1802693
3244656
3017953
3558642
1582292
436469
1327482
2489970
3933177
4187522
2064848
3322860
3280501
2374360
761698
3154003
2545944
2735749
606914
631495
66116
4164420
2760163
2391788
3174187
1578483
3462125
2380461
2613705
3274610
1926341
3886964
663079
331373
3103781
751326
1832541
749629
4128304
582442
1719597
28887
3979935
489128
2703461
1893243
2824621
74724
3472731
3033382
220515
1686034
602009
251514
2404736
1832576
484492
626165
384454
3808
1168647
3141323
4070567
658567
2261181
2372187
2659781
2949127
3464881
10371
1321462
1796314
2801748
24471
3106200
37228
184484
2271035
3882630
1280944
2948164
3387400
3102033
3774626
3054095
240307
3284955
411564
2120940
1271205
266834
1206375
365174
4124495
3608098
2772577
152623
3321368
2422249
331274
3427765
4069796
804146
3462359
1711919
2618503
3078588
577537
1339617
2367507
1648091
2407760
937838
3297813
1249947
1975549
39290
295940
1798774
2020874
3281534
2248216
828187
2193675
3937840
115086
1431140
2871555
610675
333623
4078907
1057419
4043088
3551355
2047482
3072670
2583254
3833976
2062706
435592
1356021
2707417
3266250
3947735
3817417
2053377
268537
1261664
2874548
1632549
2733286
4050985
1522594
401375
1244042
1179549
3241609
2804773
3718822
1596833
1187363
207033
4161165
1005993
2482903
590672
2558974
1580785
1250331
2371579
3586597
399616
2427537
1363182
664852
574117
3176268
1074755
2570561
1884463
4040851
169475
4191309
3172429
1794640
27922
3729128
3641712
2307313
867932
4025364
3972784
115154
465872
3442531
1148987
2740555
2260257
1464832
3226744
3688705
2882055
11332
502969
2240254
2333670
1623448
