1800891
3136373
1038614
2498447
3582884
4018468
3426633
3410677
2763365
1524389
3073755
2913964
1383713
3091208
1887115
2148104
3748120
1208745
2561981
1662033
3617412
2190717
985038
3000896
3296131
1772074
1898935
1967450
3421080
2650645
1324449
4118701
64297
3308683
229174
2485662
2451962
1886380
2238654
2718627
334406
1563902
2297823
704408
3121588
443667
2132086
3968988
1492672
1193805
4118255
4145681
2823946
1499103
2002161
3804477
2151335
2232021
3396619
1810809
2119532
1459183
4183899
112719
