159411
3930826
669925
2197583
2166854
234211
1834359
1750284
1017887
210026
988735
3405656
2454981
1055847
3111565
3467775
382398
2540517
3808115
284461
1961664
2114953
3710167
2027864
916010
3804225
3538120
2390060
1158796
158142
3688340
932174
3655272
2598777
3569716
3905189
1637387
2864652
1858510
3738573
2475098
2909891
2424644
938960
1751819
3048904
3204153
2170897
577139
3608582
3823237
2156754
2626442
2049208
3856086
2238761
220658
2836363
1281572
2556931
890393
3638601
591487
859744
715989
56561
3944686
4050507
1680433
3400678
1830387
1712049
682007
69542
2003666
3246076
3884612
2771206
276044
2061409
600071
1367222
1812921
1744516
529208
1531585
2500035
1606064
2936993
1330955
3684531
2995326
1583079
3495881
2848179
3030800
2318403
1564899
222971
1695258
3298520
3347949
490463
1370764
1778194
2111187
1474746
2556899
45541
610010
2548451
1643754
2560318
3414466
1956859
3717474
1825680
3041273
330536
3378706
1750829
2338621
1113513
349478
3910450
3029364
128970
1380429
1415665
3167169
927672
2319713
2548235
2775089
2957191
1446425
876759
442157
4160625
2612323
56838
4137438
1560523
2326983
2976806
2040777
435007
2362915
1539021
3325008
1205120
3471432
1234362
1038567
4138732
959899
2234436
140985
1654616
2943133
1982217
94317
1141234
1072675
3876640
228738
3289821
3979532
457274
510434
2840714
1383523
3074951
1912515
3321868
1807693
778098
2980833
1566974
1869673
2594357
1960357
4035710
2284960
1962049
1650542
1085350
1509667
2830660
1997292
3406291
735774
2981843
1217491
630106
4156824
2996204
487847
2644645
2748068
2945258
649778
1905640
1028587
484293
4015900
396480
3516150
1911002
2331038
181801
3447906
2768313
3979246
348776
21859
252910
3050577
3304929
2226098
3337690
1780153
1148871
2654285
1298445
2104940
2595982
1857460
1282409
3359347
3005792
290250
336187
3013209
3118717
1944578
54716
3007123
1800666
2140452
1254061
1763503
3792968
499622
1815491
4152688
2161763
3196899
868715
608246
3903913
4139929
1377221
418547
3604680
1165104
3695209
3445658
3924444
2573655
1419917
2733323
2233741
2745958
3519548
4085853
3111718
3949407
860529
2598500
4161445
1440090
1249910
1164477
972036
1574187
2181488
649249
838794
1340060
4137480
3593386
988744
674162
3649736
3060165
3107331
4111943
3602831
1953612
2443672
803361
3276981
3421313
720534
2715040
3724065
1047010
1174376
1923940
1040970
2406659
2336370
2464518
641104
2463823
2890019
212744
3640813
2030492
3177919
3045959
2606863
2584383
2630478
2020833
1744579
1559578
3290524
459382
978522
3194077
346575
3101219
154827
3358084
2357411
2022900
443942
2451299
2044425
1134477
3669176
3109157
299090
1730821
1257016
2718528
33057
1185912
170146
2894586
471130
1572339
2969995
3592015
2390800
692597
790834
2894004
970461
2164486
1950788
714993
945418
2041195
2060083
3429453
2309690
1477323
106412
867118
3963105
1189514
4180369
2043442
3571086
3692009
2285293
899657
763817
3220353
1526521
2104612
289235
2278238
2722947
2968538
131223
757115
967283
1664813
1232065
1744240
1480837
4074242
3377991
2954182
2163738
2452198
3865040
2021865
408838
2750037
1079500
3497331
3125784
3475918
1586272
926553
20928
2893093
2601607
4085480
2130186
1944410
637965
4040479
425758
2861482
3512550
3285848
3298230
1552575
510039
2635901
3829355
2218864
3902979
106127
2859753
616904
1528270
4027398
1228920
2936255
2811515
2970786
1025111
986207
3346756
3441332
1382266
3398972
736186
2268493
3257509
1340888
3808357
3730730
3436277
3531814
2528424
3496559
3133950
579192
2917938
3050565
2239998
2637902
3862278
906919
3767242
1480145
2261102
3598327
1364822
2768512
2856559
3388234
3327197
1861481
3015368
3633853
3709028
71218
1903581
4093560
816389
2435849
3572694
2488467
2604810
172249
864152
3522242
2282783
2226014
893447
649728
18317
3955252
730787
2581512
1318232
2439837
3868392
4096424
1137869
1332162
903670
488997
2678631
420123
403532
1574795
516446
3088873
3981833
3062732
2869913
3018680
2234176
3998452
3259510
1373811
2496412
3594993
615992
2933163
1315543
3333110
