1875064
2206831
3369916
3566247
1130693
433855
2315621
1269191
397128
2001460
2955690
3678530
1532178
3083697
4004138
2184686
3963019
3483660
3005795
3388212
2438484
2025017
1974117
1193939
1721076
926638
3516305
4138724
4137728
273399
3480431
2399009
16618
1764862
2808235
471800
1244509
1031587
444101
82590
773252
2712641
2665603
868452
62990
2749948
2466273
175812
1563975
311725
3826276
1326635
4121671
2121633
894626
4044350
232713
2175977
1845171
204054
1111853
2371200
1325766
123728
2715331
556681
3661911
3961619
275462
3532338
940177
2931431
3039558
2923205
2614960
3920146
3553717
1105664
1130948
3165430
2654668
3340492
2574748
3826002
641426
2153796
2471640
2089287
870236
2958188
239086
3262835
3380719
240046
3165039
2596354
1386875
2541874
2347423
3700612
3282340
2698956
4094652
2225940
3565851
894844
2481379
1198466
3700975
1168783
490632
3321351
1045028
2874043
1743689
1965663
3990754
1694067
3676605
561535
2279343
1572624
3091383
1511577
3293251
1871644
3745015
2799511
3952468
18606
2533271
1011842
2952543
1624639
4077393
4150014
3440143
348808
260150
3940884
3866720
1273174
2582614
3895756
2467555
1112037
2217806
506676
2690660
1199376
2799902
3887110
3059572
1785888
1421268
1709716
3801876
2583075
3126992
1694206
1344132
3876170
1440301
3682369
2829814
3673093
368808
3614692
2990952
1787977
2719823
3641946
1433916
3930024
889118
1006169
3184312
3389929
3238325
2181213
3848141
3238339
108851
2753091
1413006
2840463
2146572
1166655
203370
2367677
348138
857067
1416119
2760246
2596752
4184852
4027176
3094548
1065941
2988764
743229
2797416
1710026
902683
2673855
3352259
2453194
3323851
896770
415099
2719706
411947
3539052
945778
2040368
2300095
3767319
2881512
2269363
4183654
1526521
3396456
3411322
623274
1439839
1862755
2225827
2867972
1333271
898568
1173295
89764
2323988
249560
1437984
1050724
1528312
3400471
79236
2255049
387268
3017024
269884
3982573
3842273
4130494
1512318
470340
719878
296656
417533
1145663
825184
1076589
1462243
1541076
3580397
1086752
3657147
811100
1126431
3779525
1990579
4192504
3436107
2629942
2282261
3289491
3702096
989644
771783
366847
2802276
14313
3796385
2703799
3126571
3623051
975303
1503647
350437
1755486
2148093
1036615
481034
27631
3458882
1247398
2981620
4091210
1664629
441560
3937626
3462439
1128618
802046
1026445
271682
546466
1212331
1848232
2417129
962547
3924537
3719176
50685
2537690
810870
1474506
2952746
2608808
4151649
111448
2153499
460662
3565247
1631431
953964
3711470
3408475
3365363
1034862
307871
3805188
3519317
330223
623524
3534139
3079998
2994339
1677354
2854888
3076585
3957275
3849718
2127611
792939
2417859
1511741
430349
1684244
2648011
3967194
28873
1482402
1707283
330111
1784127
3001776
1757673
3364918
72480
754515
1332294
2041270
813369
2109258
1351661
405219
3388953
3621464
3197854
1925175
2674470
1275392
3948222
1075063
348476
2498083
2527354
2772307
3407874
3636525
3281120
1724231
717351
1261971
278997
2322786
1812034
111
3033699
532363
1322324
3823724
1604873
2100372
1744291
1916004
3036348
18353
3635581
2012640
2317091
1003187
2680692
722836
1292724
2947784
1728483
632219
4175938
3480346
474422
3179669
4151346
630257
1667697
3802365
1323919
3745701
1830260
3223178
2787488
3388841
587764
2665490
602851
3045049
3864821
1847849
3525075
2626774
3656037
2509001
3331028
1395234
1319434
2277932
3237841
4188817
4163549
1525515
594302
1179814
18476
3747655
57941
2336958
3866680
974616
432674
2136228
592085
3484950
2382395
412403
3419454
3122552
415422
15201
119985
2441978
3277266
4074936
1301447
1549164
4018612
2159723
4042943
2756112
3505125
3584068
564524
1329404
3776454
304745
2628875
1607673
3370365
1034412
2607549
2460196
3372671
2890205
1415175
1388846
2034689
171087
126605
2918625
2170082
2391185
1862509
3222639
4068832
1721571
2442552
713669
4072669
2663614
3923346
2092520
2488317
1110568
1663793
1042909
1571704
3456983
3902798
2077650
1977831
1811780
3946489
3575313
1601955
1854092
3263609
387061
2659761
4106904
3708778
3847524
2033117
1124318
586029
1113940
1721558
1536188
1454875
2054883
2056495
1915205
1729307
706750
1305368
515029
4166181
2262103
1226411
372265
4011445
2772008
462591
2243258
940793
358301
2638998
2481499
1620684
2214740
2652265
2055491
2248211
4160068
3149139
75821
59402
1363999
524538
549852
3515654
35516
2002107
1847915
21154
62625
82473
3239738
2269945
1086925
1882213
1001506
3354952
2287496
95459
936769
3384933
3984162
183524
227727
2669245
3434361
4109806
3434438
3596921
1004
3861297
1763542
1751914
1229546
455627
2802181
1737564
676559
1050913
3975929
769900
2808978
2222104
878167
275828
3593562
211554
533758
332526
1650759
2894841
4155018
4064608
2212370
885191
269543
1180475
296811
2074910
81292
120012
2761972
2445297
20149
395631
2513234
1487824
1040398
631297
3274335
3458244
2678393
1236582
313833
166868
575954
1762057
3499659
4146202
3269985
3222807
3576048
3101912
1946162
1300466
3900582
1893236
3733847
344355
186084
1621706
1440753
2795951
969620
3855916
2202231
363681
2201955
482536
1956897
2105738
3365458
4096763
1252493
2386817
216448
2918435
3750775
2045501
309236
2701788
1875118
344911
2999228
1052788
738266
3854363
499135
2913985
689351
619997
1948280
696042
445213
1652628
2017491
4076744
266961
652219
2158940
212273
3754405
3017123
2189304
1164246
4051651
3673587
1849418
3753647
1084018
982146
2336764
1688345
35118
1678598
3940891
1095841
3991026
4111135
3117650
2542170
4058848
3482272
3987487
1336900
157458
2669415
3651550
3794168
369326
334006
2651474
3098555
4080864
96963
3141686
3052298
2349909
1834981
1195439
1258982
2004945
939790
1829967
3901508
2477535
259934
660924
2960917
1906040
921649
85717
350128
1728872
3811073
347727
272132
3223938
852404
1006788
1382235
22036
2249552
3384320
750011
2524975
3432511
1801784
4132458
2731215
888593
2940234
2156045
2915696
1858667
537224
3119057
1652304
85979
3053667
4091826
2008491
690632
1888128
3641980
248289
2301345
1369683
269790
3943538
2869553
4022662
1497504
828192
4007506
1236945
3949695
1749772
1079956
1376533
3239326
2652453
722768
229702
1017447
2175717
2123975
1628735
4064507
3273848
1422972
2814131
3137959
1993040
1109265
3568047
3525707
361424
3936643
501722
223629
2062828
1531993
188920
4055964
1060233
1442729
1327852
3102492
621721
781831
1369284
572348
2903748
4008643
1439372
1285723
460929
870681
1466262
2318616
672609
1499478
1190245
2520565
55422
884702
3698767
3913230
439459
1905541
3588271
2007432
578233
1152903
1176498
1120460
533848
368041
4151516
732987
796122
2720546
3442786
2492016
53687
2241782
234210
2178699
3864195
2282323
3064777
3685046
2470381
2377408
3745322
563349
341748
1862657
4000541
175531
1938265
1608925
2663032
2910482
1387863
3556155
4188417
1750845
2832145
318912
751875
92888
913467
733274
1522494
2146366
2250995
2892531
2466877
2007942
650491
1520067
49034
2351438
3035067
4097527
3731354
2395128
1601883
613148
778711
2865493
561803
3975985
2989025
3381499
57513
532303
1104152
691835
2247668
2677668
3540857
3545283
1530448
2971889
2771578
1737106
854913
1598956
2506657
1643520
3590083
1992598
3719342
418197
1559891
311593
4069718
1484639
4019104
1793288
148961
2218996
3734503
2080685
3725387
1131785
1938552
2335298
2088852
1718692
1788378
1775042
3954577
2167126
2173513
698053
820990
63178
1325948
1994247
1540214
2926
2300794
3329494
3469712
2763507
256642
2570828
1821608
3940223
656887
3813816
867033
454379
2528706
1321860
4005082
3644066
3440804
1639792
3992857
2713918
3704407
787965
4049444
1815040
2232324
1552216
2438986
861837
3684906
4006540
158690
2024857
253074
146034
4112505
405009
2805275
961880
875142
3562026
513689
2342932
1061804
2168864
908009
3500197
3832722
851652
887274
1371227
816676
3880458
2195693
3020598
492822
1512828
3474352
1654672
531183
2898729
131841
959770
255316
844650
3655126
3036479
201305
2382672
1403658
3600073
838791
2478924
764649
430830
2200228
1361475
3920463
1880579
907031
2926430
1913796
1587334
