2028315
524708
35158
1985307
1929050
3684989
2405171
961214
3761948
472639
322010
3944704
729319
3254689
1036710
2503357
3838021
3734312
3649526
2361280
2442346
926043
104030
1600480
1457523
4099747
3894108
2535835
104611
1136575
1922716
4009164
278272
2783666
986552
751712
1131480
1942750
507917
3784583
161706
342010
4047995
3845799
670860
1708720
2251299
1879255
3761099
969346
1811277
1417777
3861999
802725
1287862
1102271
420678
2628980
527783
2023605
3985183
4063639
856603
2625373
2744225
507148
3666431
2139956
2268137
284997
1371876
1895271
3226394
4059245
2199574
2100336
1072350
452533
929619
3943105
1848448
2014852
2969038
3329568
3519600
504939
147165
3669850
1495803
4078583
331034
2696802
1414966
2678614
3993702
292369
3679709
1422622
1101573
163712
2236592
111342
3805421
3476102
3791772
4110309
2385685
3997056
2797453
3381828
29920
4162447
1699361
778981
175157
1970330
1094601
1721337
3300075
2239286
359982
4190884
644153
2383857
4148266
2869377
480304
547779
65543
1907204
2614930
3844031
3545262
765907
1706513
1737105
2403734
3687239
3732099
3603594
2313556
344412
872396
2308277
4048662
362889
997441
635985
2503456
2023371
3392071
1958371
2316849
3056590
3998032
2240011
3661492
1421563
3522138
922395
3630004
1837905
3931513
890249
766898
380192
617185
933453
3266771
2632355
3760899
1601664
2183541
3890784
4120032
15570
3318487
2530178
2529498
3785377
1871935
4038622
2238626
2236474
2709435
656558
1527182
488671
962178
3660805
2269915
982170
165100
2809704
4167892
475651
607202
4176450
1541378
3668470
3940007
63987
1563516
4065404
2456775
1790407
3969133
2620367
3130861
3982461
3115826
1131314
3086368
3931064
3244762
3785685
3793582
1695038
2375116
110340
3047312
128513
4165578
3800269
362439
2778728
1436563
3568140
3917194
3644381
3602671
3336339
988799
3055330
4039672
1807948
2475105
2367524
3974001
919028
881727
3101118
1552113
1174019
544978
1138601
2090105
428339
3759244
382207
876371
3106466
1801333
1431038
621157
3811494
92712
1957550
3702964
3872350
353843
400992
2897476
3680783
379789
3973790
142514
31037
4085694
1436814
1310579
1426057
1915339
1456087
3422915
4140497
2770702
2991558
3255291
3418141
688623
1008224
4003198
3534986
2768009
496205
1535005
3752064
2434172
228178
1715235
517555
2858863
101651
565185
480735
203641
2065633
794230
765491
996086
2059067
536947
2322430
3265931
3644616
1191126
345246
2202425
674963
1040791
1295457
2896562
284822
3183726
3539921
592096
3556792
912773
4077887
2438784
584752
1791167
3857516
3915881
793024
2761497
1813687
890902
2942180
3936855
705069
2197328
2489800
2422054
2823858
471277
1680767
269055
3317696
3499381
1189759
1549639
1759209
3381690
419778
1815295
2574040
1112227
1219567
4082941
841152
1152859
910645
2521009
411334
267900
873734
2600852
2472907
883118
3571742
3648646
3454548
932411
335721
3292431
406762
2057071
359868
3068644
3105632
3287737
1789380
578505
1249024
3229416
31958
475825
3496103
3172031
187457
701459
3865637
3053541
3095703
3746513
1286682
4163093
2010720
2555958
3791845
3274218
1990451
2434577
4121942
1735415
2289394
826798
3045968
1321649
1408533
516969
752359
2345226
977309
1747717
3557781
332140
1271984
1376220
235941
397908
3299051
3495179
695661
2870282
3977311
401006
2031010
783511
2005749
437971
46350
1998213
3471101
4025716
1297286
3549106
650866
3707911
940022
3399463
1624160
2174453
1763497
3864791
4143403
1520411
2076232
1347985
188731
954542
2891108
634500
2320016
3393937
4169469
2689574
1738915
1251660
1952406
1888387
2990090
2262457
3510202
970561
470618
2948448
3068427
1145896
450431
8674
3875576
1758376
436197
1030781
2968050
1124597
1731681
1025173
2921181
2456900
2519077
683025
594779
1051207
1741166
3606153
3872499
77164
4050549
2802014
1810190
3593508
1755505
3245937
409373
3556006
2858554
792936
3394172
1194954
2646287
930335
897553
180057
1273268
1132732
198302
1289235
425886
3044872
957893
713742
2524781
3689809
3563613
2307064
1667677
2458995
3423698
1058768
3270251
2991263
1289649
1842720
2392787
282067
2871
1384562
621407
3606347
2460346
938745
1825303
1726227
4004915
1588741
3979775
414722
3972241
608434
3407850
2583264
3845580
1005677
1844121
1096448
1068727
2259998
3876627
2296611
1888328
399558
1563540
2335403
2119005
3849326
3834989
3249136
1981573
991200
1129861
3008042
667827
1013841
584525
19147
3082741
798554
3879197
1974872
2521592
1252955
2681056
2815263
1845220
686987
3339986
283972
4192901
1296338
3407643
1937175
1702238
2519098
1718019
2060787
3569507
3684203
3801524
155589
1948055
730638
2627452
2981041
3672875
399807
1915436
2831738
421151
1824973
2208009
270173
2575104
1901754
3969322
635373
1912805
2942580
490183
1432018
509340
3551016
3250537
685234
1777860
3386988
1305804
2343031
3490125
2718040
643942
3592841
1191332
3723607
26817
1790953
2819806
3894318
3336691
1445413
2965853
508247
4057124
2367928
3282632
3137469
3556374
3994786
2744079
1082645
147982
626927
3194020
2369506
3840551
2591341
1674404
1942217
1203180
285887
3288306
3766707
3535915
1897414
1181031
2809471
3273143
3045799
1874937
2178369
2009869
2212789
3800192
3239072
2660467
1093
3688194
882609
1596905
2834693
4024916
1505320
3793255
2407479
2570057
17015
398821
3016129
4077359
1629778
116548
877588
2691137
3050803
2351409
3393449
1166634
2159710
1186896
473160
4058629
510575
2119849
565710
3267079
2129496
1021038
4149250
3903342
3839458
3097449
791795
345312
2562790
455273
1782985
4167755
1128436
3521659
1164015
2410649
257014
3162742
245158
2061820
1132281
3715955
749388
887663
3461320
3028762
1528484
3890015
1123744
2970367
3514341
3579774
3227545
3334703
440561
3190279
443874
3307089
237901
2726631
3519056
532275
128346
2595530
568423
3419996
38198
2832353
22880
2256814
3801614
1542135
1874690
2698193
2134797
2607844
271650
3261586
442021
810695
1568965
1096082
3415871
3786726
1135234
2397514
940209
1988035
3081097
2168039
1966775
1144227
2924841
1712830
2737066
600005
3587608
2348160
319239
41323
2990563
2890433
3867134
3061233
3363055
1972205
1705084
529352
1199905
2027020
2918629
1376590
2865068
3621508
1157666
2422973
1310707
535923
1460295
2365212
2479787
2244465
3945559
2049144
290038
2657386
2811597
161859
4155429
1534791
3214538
2117792
2942346
400697
2014435
2872834
1423251
354637
423670
3357331
692429
410857
788129
1054077
3443712
590184
2473462
3497635
555164
314092
3483601
3051684
887865
2148330
1755839
746098
3139177
1817989
2771194
705669
3354911
1543224
568225
3859417
3006784
800836
2628546
2464370
1607073
2479134
999722
956069
112253
2297266
1672782
2068929
1456336
2891482
2799734
3894157
183923
3508264
3800998
3841336
2245493
162854
1229927
794016
2839160
1268336
3927959
3799564
1777746
3912303
2420
3343508
4036934
1123015
2241595
2642875
2155940
9091
1890562
2270332
3508673
2527531
2939431
2784901
475547
3881212
3484065
247695
3212558
3071339
521745
4040950
1936528
921191
1613923
2843930
3765212
1834530
3819513
338736
2745478
1394460
3372626
394252
2294846
2523576
2226298
333320
649886
156858
1738217
174831
1617702
1530666
332663
3912264
1417726
2639329
318469
3152250
1978574
3680264
587006
2900709
3390557
155772
1406979
3115742
3703395
3591967
3071966
321410
383881
1551825
3719156
2114212
3349208
2545178
490054
2146273
1654914
3150744
3792111
3055699
1333122
346914
2423248
405862
588528
1895961
1426204
1125883
1516060
667262
2554464
3259517
807454
471916
1197997
2139073
1116597
3304858
824228
1252222
1279195
1416806
3985252
65876
2005812
2412754
563056
3066850
2149274
2366498
1497336
3022133
4082455
1725610
1567586
3043643
1926827
1001117
2527214
1807433
2165763
1946083
2999652
3910922
3191663
459639
1306758
2877291
1347180
2545283
1029676
2544358
2326515
2539889
1776504
4110619
555964
2357371
2594352
2370077
1332904
2553656
3170911
3343865
3364228
3726634
3371364
3276146
3098633
2348656
212245
115479
777644
3211097
3280761
3527414
2611456
74330
1068515
1546173
1105995
1880068
1719669
3798293
1336821
3147280
695617
1542565
4143409
1651270
2487679
3763759
2601068
157137
474528
3806409
2969475
3850090
546694
3659331
1282578
2224914
3972961
3192827
2333037
914197
1766714
3309720
3453430
2443392
1499162
481633
1288855
1048179
1264081
3647139
833987
3566920
2007043
216947
3031017
1828798
3327040
1447363
4055279
642789
1708713
620507
2736569
3668655
557939
2955669
3721939
1603487
263594
3075384
2101409
2721145
1465255
422624
1380566
1580199
2283438
1700016
152107
2006045
2474903
1552889
3087358
1021691
2972422
3596857
1843046
329746
628314
3648082
3092177
2525597
3331850
1690248
3399786
1146206
573151
3979078
1885453
2737795
953997
3879671
784584
2383000
1545730
2307144
2101664
1584418
3030684
1450817
3739663
1627023
1295255
2049234
2362189
155824
1727451
1714877
696233
1155384
1112623
3392193
975172
809815
4177510
3770115
3583598
3969310
1217141
234360
1007047
2498662
4008866
1608614
1052048
2789535
768305
704358
3670264
665277
1495192
258627
1493364
3371800
4102721
1465153
1230341
1282615
3522362
3243961
3613057
3052576
3282845
730068
1625172
1756107
2904499
4169071
2399792
1969917
2917848
2326656
367277
2796323
443769
1241001
1812459
3880943
997185
3766956
3581822
1023093
2238916
30955
3854494
853995
1898828
1797675
901396
2712356
2539773
2300982
446948
2167482
815605
2148773
3410120
3278798
4177745
3490243
4079338
793536
2498868
1700346
1941732
3362839
4085652
2891344
2928030
2861720
3846997
1543700
285430
3949708
3856442
2589964
813660
3251889
1069876
771176
4051582
1106824
3267675
3881739
3624447
616865
1879708
2394098
1980717
2489298
2025183
2727963
3897501
1701245
3881921
2788286
2718527
538569
2283526
491655
962645
3201786
3063947
2233978
3059662
996072
2015552
691543
2505342
2419944
1335112
158230
2208922
3406568
3632963
2972514
1720163
2811432
2270202
1324866
1483130
1691554
910626
438731
836537
1119033
1840502
2778487
67787
1068156
4065739
275091
968363
578220
4002833
849795
2237179
1033696
822076
2628374
2795616
1188164
4083058
3755076
1154185
1866953
519041
490932
2262584
909406
1068122
4101398
2462669
958660
3202828
3465394
2291160
2625216
1397441
1940629
3349872
3431368
623756
1437186
2548508
1060021
3384170
1630701
3598038
2783167
735335
686467
1989355
3836131
2723552
294965
1802798
1349852
3478848
3163886
599991
1349570
515902
3352683
34
4158643
2006725
9703
1569695
537439
2752938
3806265
3830558
3075750
3472804
3558551
564408
2645872
1206568
94164
2677086
3082642
1087197
3673719
174071
381654
2112043
2820841
2429410
2907862
1662596
941307
3340670
2427857
1340638
2000302
2915465
1465375
1437151
2584167
3247598
3374466
61006
3060598
30229
1123372
1050211
3107907
363326
3359304
3924860
3351228
143284
3384683
486800
1711651
262372
1036486
3178612
3812682
2046600
3380187
1774595
2856135
3069145
1811630
465595
1402700
1735112
1472501
643085
3293335
1208720
2816703
1040869
3496922
3021635
2220901
3643490
3245001
3525745
3198438
2457514
3264408
3177304
2505670
798023
4150290
1941056
3823289
1737930
1878979
2481066
1818772
537566
4061713
1599871
1399173
4185756
2412902
657777
3841814
1372795
3085127
2716218
631525
2142507
1520883
2343813
1184181
2884318
2235774
1587299
4127913
286936
3042465
922672
2704490
3873134
563475
1013607
509607
3655946
2106126
3928874
2958409
812269
3584251
2279136
1173458
1897051
1622462
2229448
1230587
2587224
3878234
1825643
3566690
548189
2545779
363163
3471442
1806476
756875
938970
3696458
291679
2547455
1531835
1689404
3139041
3089683
1720342
3622281
1399295
148169
185867
3460972
3350555
3952111
4013559
2752559
3436050
1170355
3481433
1261856
6326
356711
1540689
603004
1216821
1550285
2156300
1327354
200312
1736468
2897434
2899071
1167156
232415
2666730
2459116
2052415
589732
2228720
3001670
4096422
2801470
4025595
2439054
3692366
2558974
216134
790380
2726523
1804907
35392
636121
1469745
3871416
3690132
4129271
1006766
928830
472583
1588755
933383
392988
3421969
3857130
1445038
1481099
2293815
3118139
1285381
1554442
700143
2846317
3135937
479762
1359737
1399158
525418
3295938
1104941
2852150
1334150
1365919
2795133
2589708
1701076
2261312
1429325
1490042
736586
2731761
1452350
1123584
117149
639964
2068287
3703434
3573804
168465
994015
2211267
265158
1292297
3699302
1172081
1104763
1383377
1694486
989982
2511678
2290973
3603852
1905131
4018192
1814735
254604
3761767
1792157
832261
2156053
3378028
51773
803773
2381553
2747923
102092
3770861
2729168
2495973
2605778
1850606
2019657
356953
2301922
3087976
2586992
41853
1860920
1623052
1484944
317698
566826
439342
3172666
2639915
3322211
3741521
1299694
2496716
385359
2500823
1911276
2741542
2206714
1810289
2159493
3655688
3105047
951378
1069988
1528205
2848511
3392815
2578507
661072
271315
3246899
3797511
930216
3422046
212751
1900846
169104
3541619
1838355
2811202
3806734
1825409
3935941
3620014
554873
2471166
232451
2110613
104955
4133632
3472417
2344541
491632
928483
3125607
1131109
909541
553064
4151041
1663489
1368313
2055138
2511593
2368599
75312
4138312
369478
3268973
172607
599976
1742172
3394226
368359
3193390
2547062
1830278
3363408
1525666
515114
3251341
2616059
1282202
2473551
721743
993201
902357
3305879
1732
296439
3275945
991305
3810343
3584881
174865
1442888
1751595
3508118
1567342
3544702
610863
2101687
1157781
1938006
3699282
2391459
78191
1976182
1492545
2575723
1295328
1962003
3578177
37950
899699
3241732
86111
3775889
1789850
1375398
3367257
832433
367745
2972533
1090965
3802974
2126132
4003648
193494
1750501
795466
2516463
1796066
2175267
4098553
1149654
1458278
3538498
2968572
2524587
915009
3120478
1813333
1620312
3195413
1313942
1607430
3772393
2685181
1127435
1356777
2170008
1718268
191943
177445
3972732
1733941
2379550
847040
4090611
265327
268846
1782688
3936347
1780256
2973168
165936
1402910
133699
3944348
1783454
741915
807317
3459565
460389
246778
3213403
2941736
3971423
3971326
2195543
2548042
1318466
3260361
393723
2819761
798194
1604122
1997822
125820
3610015
3273030
2691457
3072264
2259259
646162
1337790
2071289
4034358
222245
1148005
204520
3638693
2935135
3538283
614861
1362691
2453005
3925857
4124969
759329
2986508
2602430
1070017
1895067
1911588
3144682
2716629
3542623
3154798
2174973
2756117
3599391
7878
334333
2704726
2244760
1929356
1200306
4008529
3103291
1142114
3101681
3749177
2823321
1991022
3103651
2577634
3916381
3973165
1457069
2539492
1872568
2067155
3560793
623506
670600
1621439
1177196
347671
1695782
2815463
2722968
879559
2241575
2586190
799432
3630814
2600802
833556
2564403
3627638
1252699
4111631
1021677
3811518
4079130
3047556
2440999
4098348
3002240
567048
2994551
3763761
1697728
3829784
883549
1532235
641387
3905129
2034126
623320
752159
852635
2312746
287828
2613448
2222121
1507602
237130
1191590
3667139
4171135
3082824
1408761
2023734
1286793
1955239
1045478
3943578
738679
1817347
3374743
1273151
1539734
1128734
4015215
3153510
3376133
2606094
1702641
3461499
2989426
2889975
2993733
1941082
2875478
400064
1798884
733849
1198069
1857009
1539954
2203869
2906757
3529403
590215
4106030
2354999
3868297
2542990
3122612
486757
892112
3166450
216779
1442880
3673311
3507203
1184011
466916
3654240
3040290
3095810
2728791
1924393
677713
1281160
89090
3661981
3342559
886729
156355
311628
2745508
3075973
277393
1170873
2560696
2204633
538518
4103487
798511
3702139
63103
2774332
2974742
2097314
3917828
2776954
498202
3396469
1087163
614872
266933
1738132
3011021
2638446
3669381
982363
2851690
3503358
4016940
2887320
525738
1656261
2966257
175128
2340906
90477
4133689
272007
1112614
1302570
645492
557731
2855729
3532453
3032707
4148761
3143953
2774701
1557635
1506438
3163779
4140392
3993869
3735785
44695
1007376
64951
1833249
1695794
1578332
3547246
1229463
86547
2105493
3176401
2601144
4002378
2799614
3950710
3827350
2837568
226194
2283854
3978895
4163683
3903504
3076706
3672870
3800042
3714923
2032713
76988
1945723
2510501
3917844
579648
1856695
3424775
130432
1333530
25525
2300439
2770515
3728585
1949627
3610332
471183
750235
356052
431562
146382
344339
3018293
1924587
2863173
2937584
1856537
14973
3766405
335493
2124972
586383
2227510
2175174
3739922
3470257
3478042
1770349
2381951
2596752
744449
577603
2669181
2617180
3801825
537129
1649982
2749572
2029268
553350
3432321
2326470
3316817
3368479
3568540
1688373
1252998
21136
3841630
980260
2917413
1841721
3852672
3989242
3402860
3633444
72928
595340
4182965
2673672
132289
2895137
2562587
1953603
3881415
3763082
1869460
401113
2317064
2326044
1287601
3301268
2180007
3213054
1097475
3992804
1463868
3053333
2800937
2051548
2217259
3456906
2123021
1401691
3873641
3097030
919233
2874242
3408622
168380
464200
1054641
2760909
3549899
421060
537183
3958186
1363214
3681367
3999761
4013216
851884
1898374
1515586
3886961
3810448
3856017
639618
2891766
3604358
2169576
1213897
1988706
2131416
456413
869686
772115
1160895
2274265
784385
2843848
3189521
1186793
2148684
1861843
232960
540358
2824411
2791994
560291
34618
100654
3566269
2995479
2232635
1365374
1558531
607435
1709032
63193
3435316
279615
4176778
3998567
2193107
3444606
3260237
629493
3093485
3745677
3959371
2797290
3283252
2896982
1155912
823695
3859394
3943993
3848045
3654001
3270089
1031605
2041927
2331474
3569740
2068921
1841930
3187530
4093084
3285341
3505457
164679
3646166
2211071
1543371
2564233
3207045
1382529
4149879
2611540
1167025
4105168
3925228
3240619
795223
1431630
1011704
669287
1839566
1408940
1700283
1808841
953692
2249334
987406
2403711
2431991
1845304
428826
124185
1602675
72707
730712
4002447
240220
3794691
3345427
1072180
1353610
2785982
1810952
2476864
3988416
1236505
2486975
3359224
1300679
2995610
1536251
2138110
1057217
1172642
1347963
2684143
1585057
1696615
3405290
1396831
1223665
3333963
132241
1361740
953703
4025694
1008864
1094318
3374456
4117084
3000399
1194834
2280505
4133827
3509980
3247887
3792290
3417721
2014727
3911490
3956662
1822484
1103031
3630683
309052
2485018
3261271
430032
2919046
2240871
2417389
2737907
389401
1948595
4042818
2213950
2653740
449211
1523161
4157025
227640
1392656
4179071
1377897
4189513
341416
4051907
1117693
1856965
2294379
3086155
2361639
3876191
3688102
1634472
3595483
2230931
695860
1052688
2662987
764423
578831
2369575
1133584
1699695
262492
805433
331909
91008
1296030
594146
3343078
1894560
2052005
3683849
2564005
1837716
3919436
3635473
4161938
2627414
2143577
2767370
624666
3349018
55750
3056018
895601
314122
447334
4177321
1957880
3590826
3054477
3392601
3843111
3217384
3045486
3872505
3927021
3730286
3719997
1026684
560935
1700233
3937380
467078
1824185
4253
3264770
1757766
2505798
1254690
1085052
35572
2815148
2005764
1744909
1978868
1643944
1400776
4104134
17786
3837977
1313011
2830568
3946555
3034385
2853706
4035040
3540924
2986533
46930
3902754
431652
3101719
1116893
2206435
3118735
3605941
3782974
1231833
891348
1243655
2883870
1671523
703189
2505774
3018904
577453
1837347
1472474
1066617
2228560
2526244
3820455
3702210
1383010
3442226
3063967
4185127
1626995
3164782
163515
3918148
2965536
2458867
1546238
653400
1128156
1698254
3993632
2820476
2567230
2055273
168943
3212786
2968434
954106
3835791
2127378
1440780
15481
2276253
2197693
2068449
1919915
2012673
1376510
805499
3593811
3928186
2958511
54767
3615116
2155978
2261354
727832
1519810
4112637
3406959
3351254
1852373
1890748
3073501
2038018
2846301
2693690
173287
2357301
607668
733776
428903
3800737
936588
2744347
1611514
888529
2160125
1849699
1045621
446194
169728
4042203
1728648
1964371
1035120
2765708
3146416
4093597
2101892
2484954
1448624
1035771
428832
2970427
3782710
2319035
3397054
159674
3416451
3420528
1839385
3213511
197831
2860034
3499282
3352076
3312482
870769
544463
1372825
2762010
3864413
3067015
2960765
3181525
2004473
162099
1109130
1002898
80592
3741576
273993
255408
2317017
3479455
3587435
3371905
2160464
3155939
3486781
1685777
2000450
2627551
1819396
2801111
1150519
3844372
3062916
2659391
1877346
3647529
2275647
3549133
729067
3917246
1778513
2163059
1662369
3983205
1778236
2156935
2287923
3351079
3335858
3873254
1565391
2958103
2075116
3574881
4106150
4174474
1152018
1909132
1251984
3881350
761559
1236862
1247619
159653
2031005
2354403
1293486
2644042
3319855
627366
1465929
919162
3720644
2594073
1700942
1424375
1709535
2371561
1377702
1329845
3592157
2843674
3485996
2140444
1235719
2386719
1769255
3682337
2747543
1897175
2495511
366514
2297148
1042020
3155687
541650
915439
1502716
1952199
3618136
863449
3838183
31224
2708491
2407324
646229
3431761
3675346
1873939
2681774
2464938
2974759
531429
4116442
289192
2112188
1945169
3301477
3118236
3838588
585148
1805451
4090801
1422679
2326158
1099415
2816316
2678624
3632689
1159291
508936
206819
419361
1953869
466396
3948276
2812449
777504
3927422
589490
3149261
2288212
1808398
65769
3626539
3715054
4029387
2375009
752827
1043498
2790784
1808264
2578782
2307914
3032987
3252301
3941685
2802847
382333
1307909
2024215
753137
42656
714647
2172838
2258118
2555397
2771862
3650045
535218
3494041
1167664
3568357
2528746
689327
2491238
4191355
4025032
1990443
2805406
1264330
441307
1925796
2589190
2562810
2894974
1822339
2305750
3115185
1408397
6591
9602
395171
2619512
2759578
2396123
2245555
1093751
2087234
1368420
1159657
1257524
2919266
217608
1743759
1623119
2434209
50036
1618586
541748
3255248
4110955
812404
1771230
43579
1582908
3021643
1647769
2346140
3472166
435779
249647
3850980
2241647
528626
3484439
772493
948844
3963471
2487506
245683
3097604
1937798
622022
1645748
6805
1716343
1708188
845430
939690
460764
1772303
687164
2573436
2347452
89939
3391500
2818243
2575933
1176670
3568783
597785
2941913
2809370
932641
910009
1600846
677619
3883284
2453623
850625
1485365
280868
3325382
296065
157643
2173157
190382
125481
36773
4060867
1313455
802339
1406449
3011401
2857779
3756786
1277544
4088498
438687
92938
2148553
2567214
2786801
3113026
3842200
155690
3322730
3883683
735739
2600261
1038724
2019206
2586110
89065
3169702
1491434
1556084
2277370
2189808
2111084
3201118
2692762
2539159
1310105
2255328
3989749
1535464
3992272
2269165
1347526
323302
783423
3444597
2360684
2896375
3112453
1688370
212356
648168
1952
3044729
501001
3584045
1630815
3022143
3488552
2410532
1317384
4036001
1366344
2200701
3194477
1898689
2521905
1086123
3650094
28054
1476695
857697
4046754
2814529
3524760
1614518
3582515
2276959
255300
2768911
225426
1386992
57249
3997367
1343728
1629202
2187855
3260658
2700116
3303019
908344
2482265
2961079
1579217
218080
4150574
902821
3341128
1323127
3079036
922691
1274560
3440584
3084398
211674
3548961
795717
1381726
3714271
3080786
1529
3548158
2766842
719640
2185106
4124694
3978752
1563279
856972
1565274
3905137
3455550
2580309
347074
3314013
3188733
2090921
2467536
2596449
3568489
711697
241386
953832
1370566
1846220
3145168
2140711
1167153
3785693
1989070
833485
806129
3740689
3813633
3301490
1554489
3909725
2241439
3588414
287688
171822
3533844
2484156
3952155
3368202
1661444
2888554
3093509
3964688
1217243
1458039
2522483
2979580
145781
2369089
3954445
2594326
1396275
3067722
3234240
1983983
2811598
1971889
3062204
731789
3099007
3909164
2960978
1239887
1759524
3473311
4043785
3073425
2308760
3396667
1372155
1951533
1195979
2196667
184776
256613
3241504
1396768
2568450
531031
2505304
2020851
3594907
1444543
3541347
3154466
2513450
3368019
354173
2498008
1554526
1561955
3616254
3220365
269194
1946582
4121878
1853622
2205163
1938235
1608557
3643361
670820
943417
996934
2002912
1398346
3393911
2882946
2977627
2936781
1414829
3597741
2531173
2420787
1078156
314256
1516435
1892843
2799361
959861
675766
2719251
4005054
1842141
4004503
2529581
2169916
1927472
2432496
329037
1387882
3385907
630214
3116777
3056246
1350031
2651490
447609
1538434
1756119
3313841
485072
1570848
3755530
139696
2158516
1085081
799577
3385341
1632326
2605443
4155082
3600105
978374
932790
924109
860068
3295578
1186734
3667634
3422733
1466439
450450
2648589
1548899
2223224
2967527
3608699
3558844
3922427
1857069
1068825
354408
1043241
1840322
190693
1148403
249524
1702444
1845986
1444499
1370338
2736433
800170
1917896
1427103
3980105
3846143
2183986
2132137
489962
3550214
3455178
2065103
2527689
1847402
34622
3116562
2206630
2110774
3385292
1670685
1435036
3657216
3969559
1536618
3800673
2556863
3332354
742097
3970009
610543
1593134
3535050
2223134
2052394
2924308
3844582
730692
121796
2437422
3315686
1424712
1426707
3432464
2501158
1807949
2483608
2709855
4187223
156070
2226143
2237197
3785972
2654997
3968117
4129604
3273519
1024913
381278
1820733
1423241
513788
1441888
2356431
4073722
1957079
4114431
4036272
475294
3117396
384343
2385869
2084834
3867655
69605
245972
8329
224751
1468401
3922971
1317064
4041311
3339434
586027
1743865
2567649
2001465
880053
2449319
2117092
3845091
2819668
349414
2495366
1014181
2801898
4177127
3264578
3553045
544078
1887821
2641639
2234561
1069826
3966030
4034577
152362
4112620
2585392
3722144
4121275
3048768
3750815
652609
503668
1576232
1368657
855861
612565
1506072
4149917
3234377
1586952
2552504
3466607
1758977
2036454
3783771
2853473
1462009
263148
938053
866009
924322
2035150
2869728
1806750
2269607
814300
1903590
2415287
2083148
2488963
2921478
2190120
796323
3263155
3891107
1991697
3632251
1433241
3321265
2652013
2046972
588464
2847746
1054686
3876359
1797521
2207052
1998122
562894
1259146
1123382
3458995
3183221
2182758
2826493
2811762
1828242
3963785
3293352
41560
2903278
3285088
2066769
745413
2859776
362383
2670283
2690124
2339650
1792073
3415524
28768
1136186
2480343
3013339
335857
3381706
1815042
2124693
472086
2801550
4099771
1852392
824001
1365581
3656786
3201202
2807867
436662
1079344
163455
3862769
2334192
3279704
3943038
2956187
2715998
2102332
2389212
3513975
3321540
3711230
3852775
2965123
2037925
1094613
2322809
702878
3363722
2490636
3624359
13200
1839092
2821265
1434313
2997810
1432695
1242767
3574135
3397293
1355484
4056719
2253462
1260306
1628618
3747058
1888879
2050784
2731608
57151
1814161
1279373
3620132
2805020
1344848
3284623
246995
3081572
2980379
270967
1333976
2498323
3638447
2140328
1649288
150254
2023676
3707229
1845391
945228
1523491
1473230
2722500
3186222
2158491
3459124
1457767
2592468
1336504
2485169
3400037
272025
2165572
3306571
676474
2344985
587371
3228374
1476417
2343992
2750814
2545426
2456691
3303167
2063316
3051463
418271
113133
3805320
1478363
1723381
2375953
205392
1786380
2727963
340930
2751176
433910
646529
2080026
1826855
1848830
1745068
495209
1065233
1061951
332750
331876
1463854
3498605
3757186
2989605
2230811
3695701
2388717
3172368
3210842
3613635
1122905
3301330
3040853
1344634
2981451
4052443
761787
1024084
66632
379192
578607
335543
3788111
153460
2581844
3590693
517137
901983
800357
1961481
2237934
1001364
2718712
86394
2843582
306715
1915480
2928079
145141
703993
3591965
3749897
1324391
3331843
3505307
1539502
3233476
482220
3061682
1886927
3927725
41148
995319
4147861
3947571
1128311
3904796
3603725
407760
2834420
3178563
1486733
2372010
1249361
1375701
121540
582617
2954458
2695355
2674735
2136963
2028011
878943
3556941
981529
1023013
3205455
456268
842455
1042342
357217
34916
2034604
3107733
2228059
2196785
6045
2765154
333125
1715270
596221
2506057
2520318
1505023
1719732
2105232
1377887
75030
1956142
3383767
956884
279017
1981168
386946
3944267
1899713
3356508
1632680
3166331
2924558
2117159
3448528
2761270
3559721
2477203
3143647
3646431
3458579
3215604
3373219
115494
2011765
2621333
980084
2078514
3825208
3701996
3568222
1837208
3070600
3839428
3130424
2694428
1652991
85457
78200
2248050
1647658
3357769
328345
3034579
2567667
3793126
1602869
3792414
1341995
3939090
3154899
3222123
2770388
2653104
2113610
1053728
2777226
3268272
3139422
1851987
1001084
2502734
119058
2392020
3982589
3989774
95731
3279432
3181037
754099
1108278
3474263
2399002
895596
1998772
100810
2887259
338639
1742129
2412941
1018463
1381972
736519
4080421
547096
346098
3261122
417495
1725818
2076696
4111505
2579022
1140338
2420515
1246966
3339227
3238711
2130628
3246293
2772196
3697395
2517740
611377
587895
2830811
3874939
823120
1874792
654331
2012799
2360772
2438586
1526142
726480
833524
3813414
1766215
232939
1844923
3636490
728651
3872538
1553614
1104341
836896
2723559
2333925
4172790
3842932
2853848
1056402
756631
1286648
3164236
2909849
2695026
770595
148623
1249609
866460
3717281
1386330
3957466
3907322
3910227
1672918
1052879
413858
1586991
1627854
1573012
3005771
285704
3804106
2043544
4019160
964126
3701339
3945301
107252
1541013
844633
2226162
1994786
956397
1604140
1151938
2556208
2010933
2332801
3042819
1617591
3177632
978463
4113512
3536624
4109374
1840594
1388416
3358281
1670679
1920067
2585798
2215077
1280836
2244933
470927
1676845
1120692
3084992
1730899
1263559
397624
1142357
3519749
2872647
3354470
1962679
2950924
2306086
520980
2690973
2597227
3448493
2779338
4149723
4022441
3501543
3884897
2701222
4104088
3317834
2312922
587020
2630875
3815248
2453138
11084
713950
2905766
1133213
3669396
1435516
3120244
601901
1779259
1219967
2035274
1653016
1240864
182153
2146694
3083973
3276633
2837300
3174009
3517143
3331607
3630042
1325416
2416794
1163686
1986250
2613772
3175207
2607368
3144940
4004906
2705785
3898804
419509
3343385
1248729
45158
1172872
1045886
1255457
3671285
2846592
1000079
2929755
1987167
1848527
2644033
2519068
1957393
233861
3230591
1944023
3651169
298105
3315833
575345
3582837
488971
4163830
1683145
3016046
4139340
2188835
2828622
1409363
3523792
1948515
821354
1033071
897965
3038814
2103761
1791413
1918551
4040160
485015
2629963
2589963
429627
3509462
3536520
94704
1217814
2373507
4108652
2060883
3248919
3600698
1297979
2768040
1860195
3750490
1203345
3557044
2433714
3726248
657756
2365759
1520392
2657677
4094314
1822678
1485997
1059427
1389349
1126830
152609
1732617
452248
2830818
2139685
992874
59343
654367
2340928
2921341
2921525
4009630
2914273
3542783
274872
2542120
3717678
2459334
3232073
3482627
900415
2428672
3679139
313911
4021561
264203
1069571
1966253
3609450
1713841
2803009
158386
984158
2981821
1908274
1516301
3148450
2661464
628354
867321
3691146
548977
1216116
3706675
804722
842428
3645789
2171911
2382805
1552194
2299303
3220966
2021657
2101024
226414
1918239
2247781
138336
3003559
1875481
4117606
2287393
1239219
627086
118332
2763139
3025472
4126754
1634508
2952873
3587972
1056213
1830979
2364752
3985783
351438
1212556
4166767
3703492
3179132
812716
3091962
3777750
2057256
3608841
3776345
2331031
3077436
2755407
4184337
3462823
3010114
3852207
2947176
944018
1403753
3504060
589030
3588343
2235886
2011259
3713338
537403
3624234
2158524
1243090
1389987
3851208
2309543
4069278
705683
2275316
629146
4018730
1062765
1025643
2703945
3376266
1212547
536289
432107
4142339
1371346
1644474
3684352
577858
1398308
3078106
1420734
2582030
1041680
623526
578423
1467606
1167873
1293680
2554559
153516
4093034
2365751
2386358
2674125
767892
2880431
3478653
1187506
2380967
4027780
1884410
4112677
2894110
127794
3570785
3052053
1803778
2063222
2341992
3087231
4134184
1580666
4039084
2506184
2430474
3921815
3027598
82157
1696893
3355843
2850857
3963387
2665387
2550429
3477534
3041099
2344233
1952284
3374447
2685217
2360123
2496846
2391194
1564831
1193695
1502359
3882223
913886
1247044
1720672
3858130
3298953
3145991
3661630
213635
2512368
2520970
4074477
243651
1040379
4047136
3396496
3684916
3219426
1176922
2115326
1447289
343681
844562
529685
707819
4045796
2883077
3851077
727107
1637338
3383775
2474252
1312489
928114
39592
2113711
3029416
4170523
3692015
3746206
817395
3198059
2336794
965165
520129
2464059
1708633
2334068
2832384
3157930
3006232
3366070
387909
3272671
55070
3538542
69324
717358
1012853
4006637
415876
3489217
2934522
2770599
3322896
46717
2761988
3509839
1000786
1933425
367079
3708696
3721713
1625019
1297931
2443532
2201189
4073699
9555
2438063
2337162
549009
1018692
1763480
2825408
17704
2086342
2234120
873044
695352
2044387
2312057
3157670
3879680
3330330
1522480
263536
3760497
1836572
473411
3896374
2393097
1333281
898959
2790850
