3491838
3838659
2957193
1974740
1805840
1337352
189927
707803
2769092
1669475
4061169
2470525
1171042
4139493
3305191
2154678
527867
2636794
305433
4083340
2249325
551026
4036335
2488991
3969753
2179995
2634995
2237127
3730446
2735991
4138368
3410031
119733
3166932
3527872
373348
3323452
259380
3261507
3552303
1854460
1604254
388577
2210205
3463463
3246258
3286797
3815306
2725683
2513036
3368506
3950605
1027847
1009921
541524
2940812
3996626
468201
2199289
3820147
2896659
2147102
1171659
33100
1725410
651138
2350791
2198412
611621
2931843
3025528
268487
3569590
947433
2228880
645071
162448
1826130
3219831
723495
3087501
3013992
3705746
1217410
3561787
187763
2382183
3304114
2625408
587060
571024
2855251
2254393
3635662
655643
3901660
432594
355476
484795
2812325
895466
1088384
3203685
3988142
3681810
3100019
381014
80413
2975343
4090756
2778363
2170496
1442673
1475794
732645
4076970
2635658
4148551
665615
1537646
2463257
3240980
3767307
24560
2360819
170277
2208396
4128230
291790
2521522
212476
4001275
1341334
407505
4022331
1999116
4004609
3911906
1729902
461768
4001051
2301769
328770
2728954
2002999
2594830
1412577
778598
2903016
772975
1266002
478345
3884163
3141451
349067
1848789
1515380
3179124
1627323
3511533
891622
447087
3982926
453821
3878280
2971391
829161
1035167
1647766
2927832
72360
2918054
2418649
203847
1730898
161487
2912209
1038353
2215864
3960291
2952002
1429798
1225213
3713117
1255520
3928433
117112
2394186
58438
2173541
483736
825485
2284583
2412671
3764448
3553964
2513146
4069252
3044976
3225911
1765669
377410
3325135
4169487
700614
2542250
2253999
3680316
1410553
187579
3130883
477026
963260
1861335
559530
3656127
3416176
269808
3392603
4144150
2854279
2629278
976729
3668527
2444095
3441178
633471
5977
633701
2371237
1842644
3037259
2187679
3184255
2194622
2574592
2298965
1250028
3012503
2907573
1674433
631098
983633
4065161
3236961
6709
4056528
423248
1853141
108321
137787
2243337
676649
3095129
371632
3330694
3594983
3850910
1725392
1453739
1908779
2248021
3046614
3233618
2539238
93623
2483650
1973307
3861015
2179240
1357161
2166147
1451608
485029
2469716
2223180
1645644
1105870
431566
2437385
3578952
210223
2347139
525380
2233449
3793609
2360610
3286853
2812623
3058231
3173911
2642357
3718939
1558763
998794
3620715
1778787
1944317
1525923
3143337
1717362
2083221
756535
3868203
2945462
2165943
791728
191619
625412
2342755
1685049
2489113
3419344
3482309
2069089
1698555
4095185
2521234
1000168
2939931
1927316
3391099
3354986
802784
3199632
2909107
2641510
4087148
3680538
3043304
444392
3895630
3774249
1482532
720022
1495731
3647991
2673239
1774220
67506
3001881
2168991
2661440
469868
1373181
684798
3417316
236630
3683977
3494541
3719832
3451855
944148
2780294
1216020
2520566
2922537
4148053
668571
36355
3718735
898883
705383
1776411
1898362
1983721
2909166
1936811
2762286
573357
2244867
1421946
747013
932662
4132353
3952628
729658
2885118
3623905
2514833
3686093
2404880
403170
185996
3517774
1186839
2951481
993955
266511
2393759
2767497
3694240
2004668
1737865
543074
2102997
1463607
885029
2765808
3583763
1969934
1480504
1668646
3110620
1249674
2297886
2704842
11486
2842244
1457695
1790907
37418
524147
2348040
544565
1313854
495713
519386
2452939
711522
3226543
1915211
1670300
368526
2000163
2744929
3611581
3203451
389588
2029356
2489021
4038932
119309
40142
544898
2205588
736234
1486853
3130625
1219887
2676300
2939995
2346013
3003118
602852
2730078
3170093
3850930
1193300
3423522
1607284
944220
2626392
2054285
357219
54723
4004507
1300119
1110456
2699047
2880608
3695693
3816201
812888
3162977
1946277
4112412
484004
1803141
2533279
577619
3203163
1583063
1233051
2229525
286548
3763500
2861484
3959977
3464387
3769139
3954953
2010151
1160368
422072
1544800
1412539
2259326
3877226
490175
2395383
3630418
376396
431578
2533582
3174909
3318097
1533125
4034444
2850877
2811969
2686089
2047789
2854323
2845903
2598424
3555459
1393341
4019063
70671
485525
1143022
1534444
1840371
3124211
3119958
1685542
2655832
390816
1618177
533738
1853085
801081
1312965
137895
1141504
2826766
1151485
2893772
3248918
1162753
2230375
3021343
1109100
652418
1083049
1907163
3350130
2508768
2017950
2183643
19198
2434565
3806554
4649
1252361
2095973
2730327
1501670
3607926
1489367
662264
1142309
2416267
2317138
958884
1885007
734823
2716427
1704398
3965960
2403974
2693871
770145
3102220
2449453
2315981
425344
1187953
2041161
1212794
2529714
147064
2567168
3628836
514540
3612822
1188829
1308316
3079837
3239834
96438
3844118
3480148
1759550
500489
1088066
605076
2986264
3887837
3392344
1172340
633703
804369
2246293
3973972
1519629
1664420
704333
1749498
3130682
1670628
1542374
3654811
2395132
3153955
515199
2769443
2981734
1802598
1540364
696178
3620810
3830892
2658867
3869521
2754158
3408026
3204898
2601730
1361387
1710904
1633383
1494418
2843119
40454
1896011
3536997
320874
3849166
3189213
1948402
484495
3753120
4143457
1569205
2748367
189306
1085016
2799897
4179593
2512925
1817645
1183665
2347472
2696166
1745833
997113
2339805
2571074
1219813
2305906
2653824
2296906
388111
1419778
37245
47955
811692
2354677
1257944
1172504
2448568
3326870
2807687
3786265
211682
4061992
3881738
1089661
1121154
2564852
2323009
405000
2616440
3042764
4087561
449718
3341248
146952
2488924
898897
1197192
1944103
2629352
883307
3488880
2381892
3365008
2723679
1531960
2700411
3571916
2924641
1541952
3007088
64356
2685077
2570281
2755509
2484483
1878143
1309678
1250143
1449920
2849264
4177199
2248824
3874768
1539650
1526519
3781830
901010
664739
4060056
359046
4169614
504465
697518
1924379
297385
2024092
696983
1158058
3752004
2615045
3187238
3592670
3057350
3803654
2978407
1402483
2073739
585738
1856771
610780
3783522
4141352
494182
3974391
900411
1240055
2701427
1825358
1197160
1944433
1799401
2907177
3058888
1182905
3031776
3754194
1987559
645901
2458124
460391
1181159
151619
1692441
3029177
3856328
584528
3385776
71113
2755545
124035
1708090
315271
3002270
3449275
769827
28262
10283
917430
1023968
3251632
3516968
3065928
4155201
1807571
815644
280061
533782
1874444
771877
3418516
3609227
1427838
2321917
1396380
3623923
3631903
2448910
1659307
118062
315882
2048582
2630313
3264116
1073125
236343
1484129
4099209
3803915
413078
3003514
3743910
1070129
3816235
3400794
1137725
2309534
190720
4079173
2213533
3576267
50746
1511331
3493538
3531331
709110
280251
2187656
1605889
4019655
1332226
1773654
2545278
799367
708086
1203050
886655
3996114
3082076
1571228
3525817
375154
924169
1461365
1962666
3868909
2539098
1805906
3115426
258655
1314388
3441182
2564040
3640077
736098
265135
537250
3331077
3927087
364014
4150394
3490776
2493319
3978563
3275155
1229859
1198632
270761
3108148
2197743
251069
2507723
1302947
2507944
2882018
3201112
3320880
49965
1530872
3856725
2364315
2668648
3266533
1347234
2705266
2085346
3403917
3099504
63269
442951
665800
1749880
69026
2718061
1615136
35041
2076138
1139908
2380513
732807
2670277
2268336
2892060
917682
7585
3000968
2138235
56095
758059
1729289
1138558
487284
1800205
70362
2194002
1481746
224242
1146085
1273297
1189808
2020245
2293430
207491
2665197
1531943
2695492
2438696
2779188
892808
2846976
1124973
2180971
1863755
798065
1186448
95978
3970890
2348850
1339648
3898600
4141414
3347821
2341444
2528283
3498696
178515
4143977
4192967
524059
133390
4005102
930053
4060914
1190704
2906864
376846
2060844
226863
3580042
1506396
562272
3553349
3357590
2105386
604315
3151889
2817832
1002140
3078217
2098023
1705159
2069695
4000739
1568999
1242697
2866726
4146289
1873511
3360803
1353427
2745817
2440031
2255129
759417
3036177
194920
2314359
673050
2085503
809602
2229436
3744026
2963110
4027554
3336328
588064
4184533
236058
1923967
346806
1554986
3141837
1114750
2620339
2622533
1935406
1123616
2491915
4142310
40138
424859
187333
1060362
2226615
2954882
2316543
1298220
2598172
3263511
409395
837530
2144781
3110940
2268614
4062889
2155435
3300887
4167487
2426973
654632
2876496
3910230
4143846
3013997
3992743
3798282
1325281
3829092
2331187
1100770
3265606
4016746
725043
2045365
384742
2042103
2683664
736494
1072672
1019784
3484147
1586360
1166849
1514572
3703579
3604508
30896
3040438
2751752
467098
2828821
1150431
64942
3487677
1357945
708932
237789
2240668
2428175
3350902
991262
1663430
266985
2162741
1338091
1015086
1419738
1065575
1883872
2020786
3666073
2564393
3094815
1407188
1364787
1290135
2743380
2629274
3504721
388235
3767386
2479145
1077340
1864088
2466251
2115174
3951804
1431668
687420
3870113
1804313
442996
2502622
1916072
28522
1820717
1319375
3198411
176481
2688492
2184770
3159624
1156566
730966
995327
264428
2249919
2852056
2122889
67809
2159854
1802818
2930250
2039940
3777819
2706419
586090
2597200
3890793
3417219
1257584
4182372
378154
2208062
216472
3223077
61770
1178742
1378666
3738373
4165062
3739272
2452793
816228
2397767
607761
1322579
346374
868760
2201822
4059558
1099748
3503082
619610
1710258
1495
1707049
462682
2332556
1516405
1234627
2916477
3501921
953564
1430907
2196700
2781470
3142806
514493
1966553
202658
1071176
1473389
2578818
97050
2614884
3544327
2114021
3836475
3170058
1383840
239715
1728439
1688970
3551963
157836
679290
3952847
497803
214976
1516028
3793391
3040489
4056564
2503746
1248585
237351
1499228
3579623
201066
2020594
2374076
4026183
3096510
1999164
2988382
3820661
924263
522560
3289677
651471
3787330
820509
3356801
132565
994911
1188038
1812950
1595904
1273071
1517410
3022925
2645002
299516
450524
603569
2224990
1611128
75072
3042767
2377532
2045099
2728701
3635408
1149464
3204067
407835
2826231
3884109
563581
531478
3949330
3430287
1402429
3757808
1923000
2972881
3877990
3923999
1508835
60546
2618704
4097627
2306552
2877959
3191971
3923376
3726666
2645985
1395594
763392
2209532
849190
1674095
912144
2800674
1058629
1379404
2207337
1122800
587076
2556109
2123144
1032322
741592
1762383
3786941
1242573
736011
2721827
1824990
2541302
1881432
2760540
2982221
3953131
2141774
422148
757449
2151795
3474994
875471
180246
2488514
3994491
2516248
3100139
1756191
490284
957133
864371
1593477
1670653
2801198
921758
1698740
495559
3065304
1564959
1115575
3599333
2680802
2990655
4118461
3764906
2416392
328100
2282953
2886177
1153316
658900
636480
621955
55541
1842109
3905908
2375863
3828933
1232133
2419647
2856547
2030749
752289
3973180
1857455
231513
870648
3274537
1838781
1283480
3457571
3270773
3051491
3836176
2746764
794191
2079118
256087
2917910
1578099
2188147
817185
3064317
3531271
298233
227890
971521
1615111
959088
1210153
3517180
860929
1833170
3339615
2453331
1568584
1928513
3211778
2261006
3533393
1545744
1247866
444171
1602696
1890047
1582429
1779291
980081
1503079
1047917
1826789
2119776
911022
3848337
231499
2039361
3160734
1415320
3674946
1629565
3454294
3449839
2315448
628628
1960603
2596641
1437602
3906179
1382845
1178180
3059981
3061643
2189384
3578820
32354
940281
373014
1461620
1641223
2910106
2642901
4185742
112032
4105474
3577667
1397404
4144209
2179135
3108115
413969
2602152
513192
3731134
631441
79098
2290207
3126721
4009846
3836396
3487708
144827
2067415
3791539
324898
2182239
2959448
4124695
1526505
3815983
3485520
1666347
1699114
3968399
764839
3180966
3462855
3337807
2404276
1245263
563199
2646735
3452769
798063
968875
2770331
2546789
3524812
1557942
3499721
1936450
2007863
557470
1819526
2347818
2765279
575486
394203
3981436
1923235
618218
1467012
2617704
2557455
3816898
2941925
903037
739095
2966295
1644778
810546
3146703
722444
2764582
3273197
840973
886361
1269351
2822663
1748870
3829753
3628939
2566752
2221086
1879532
1477657
1108876
4073890
1620581
2193863
2605479
3068651
3550674
481041
627045
3290489
29030
895313
1175468
2221253
1867293
1807693
558517
4107467
2689175
2984049
1285418
1987191
2740632
1506845
1878918
3500438
1765842
2232566
2287785
1183582
3094562
396617
677922
2339240
1833048
1023450
3312817
772431
3233601
1936197
3790332
241402
2137537
4177010
811942
4185350
93882
601409
4075879
2022059
3070422
2653587
3726214
3089786
192238
3315988
1333257
113736
314944
3299344
1302808
1318107
2387559
3637765
195926
3826716
217390
3030531
388205
843843
2689178
3980388
873866
752977
3388020
1044016
4043956
2757924
694902
1887871
3406555
1164432
2350989
265725
2307463
440975
864706
1782439
2147001
2711362
3884495
3199081
457487
4128560
633388
2472224
2048146
2694075
3981083
1179529
3967959
1257654
213204
3232035
3527184
3284337
1779720
2973236
3896068
3342525
3466334
2769636
3613136
2621376
4087091
138376
3161421
2121834
1330302
3949254
2962009
2629254
883529
1871145
1153650
3684400
3522901
939609
119589
915796
3190172
1349881
2971144
3709676
2114214
2148900
951228
3313257
932843
3217429
2855557
2085773
2080674
2998779
3439331
1114859
3780247
2030413
41468
495012
3505106
4120614
1363772
31829
2411822
1338705
374125
2536361
2078385
4037087
3955739
840111
2853646
2980271
152352
2116452
3992795
4097763
507162
1938190
3381450
4042466
1188990
2307175
1093696
876236
548579
2079053
2626117
38791
4098455
1492487
898140
3818879
1604993
3263861
4180411
2939314
1297853
775508
1774775
2609169
1234871
1090059
3455993
2015445
3426429
3294705
2846426
1322878
1316366
3876787
1523251
2297580
1307864
3656942
2931623
3250900
3132435
1535585
790125
2489374
4104547
2039593
4132934
2463251
4136273
3229069
1375278
1082794
2130343
1053480
2799909
3925956
163415
772280
2807595
98931
3045485
3272553
1644110
1448177
3426930
1303239
2916727
221668
4163539
2794863
2511015
2142354
332238
929511
4001182
3956571
4179686
3479704
2698925
3389581
1151427
992741
2073475
197359
1919427
1763632
3386837
262886
1076877
1791597
2134165
535583
849347
2832691
205414
4054184
4085777
3536251
3256747
2801307
3317168
3911266
2494015
1341410
718054
3427227
750556
1200832
1246601
3037641
3940573
878013
2267658
3612316
3141806
2052743
1199078
1446751
3723053
1663297
2110704
2653841
3339093
2371941
660697
1975431
1293007
1693849
724097
4141300
4065096
643434
222956
4091920
72412
1434463
2693029
732064
3673607
2686502
1013076
2186005
3210587
2233539
2045327
1256151
2462228
1431333
3885188
2346973
2855105
2639026
4007501
1593449
690603
663327
572173
122073
680712
2936926
2134220
3251010
476734
1299604
3166847
3297139
655057
2370040
3539904
1707343
3554016
467014
1967446
1036550
650221
4119002
3637556
1105553
326614
3598849
3707506
4055976
2002964
2571426
1286194
1426069
830235
2823809
3401317
3603387
862290
2570956
51352
736681
552282
1956369
1709270
1910983
3260995
2942491
601094
92187
2085732
2177844
2987260
2388091
671580
2970951
943228
765903
1220074
3660922
3989762
1276166
3423722
2272546
1248046
2099611
13409
1740777
2466903
2025550
3163026
4130819
845052
983060
415662
1230764
484267
2888155
2409732
1726572
2038861
1578425
2997755
3615318
1970244
4019422
3778469
3092405
754489
2053587
1880581
2635414
2383313
1395671
2775497
2969488
1507261
2474038
708323
3803961
1897573
1520217
475588
2769846
1123464
2149215
1332792
2004199
1972429
3635118
2486683
2249375
2550473
3687805
1622060
2411336
2472714
4002707
302302
1422926
2515445
1115307
986288
413315
144969
527611
1747506
3643684
2401866
1640476
3917805
2204531
2179832
2800074
4023301
518643
1102837
227908
2491854
4015331
2686629
1774269
1119975
1313673
3761207
3825509
84940
2889810
3967913
364160
496774
1698857
2171736
3479699
1288516
782266
533929
62272
2624877
595852
401709
1883411
3796636
331953
3911616
282151
69542
3944702
3858806
1103417
1308499
2244805
1510852
481273
2930600
741175
4189634
3866917
846411
513763
442670
3051998
3870074
2037706
1143701
2218947
32795
2894436
1511557
3241034
4179017
1040565
1797334
1896001
3613622
803218
2171936
788022
1596360
3479055
3755966
334541
3225306
2864496
3249964
2446272
188004
1690463
549098
547340
786935
861314
3410163
2111114
153182
1544013
2207640
1758930
3382554
1692668
249356
1369409
2433144
617772
1118702
267934
447471
3809154
1061953
2127381
2763542
3401611
2270557
1561658
952099
108129
4020994
1005577
2982044
2891732
2030942
2536634
2345337
964216
2454099
3317702
1824704
3880522
1742818
2069608
2789881
413006
1599771
4097994
3229699
2386556
2095699
2607534
1745793
2982029
1998800
573153
628509
2616019
1978101
1579626
2785060
1848504
1159014
45053
1717322
1202062
2971188
490822
3856028
1907024
3218374
1468927
2357975
1995303
2637532
761251
2066336
3186647
3531803
2350535
1801840
2366865
2526262
2759846
2206732
1413459
3454087
14
892931
1457789
1908124
3923620
3180418
874472
532641
4170502
2721508
1697765
352286
1587819
1636120
1108948
241965
1322674
3362484
626772
249559
3944792
344497
1237549
2701119
1636164
3278519
3821868
3972089
418194
3516545
2593471
2032624
303862
1942277
2971173
3792193
2398238
4193203
3489057
2482812
1483503
1462661
2661332
2234045
368570
2834361
1943984
714415
692891
2124900
1203588
3591664
1579960
1163900
3703597
3849820
3849684
2950972
271959
645101
3552852
1096686
114447
653957
128037
3859444
48424
3839844
2859250
1511058
2038029
1323774
4067730
2338262
2960358
2482131
1877467
3197807
2332549
2996106
1334534
3107453
3279197
2487597
2312956
3196109
452664
3334264
2432983
3315655
4136812
3641569
3921243
2843955
3124262
386816
1348214
2007374
2106008
703429
2785936
2298443
2049467
3376136
86870
4074117
3718237
3436000
2397845
1221466
1972352
651877
618423
1470155
3504870
445398
2011791
1821152
2535303
1126230
3406780
908463
1406861
3737897
1568548
2590763
1596833
1223775
3408302
2573541
1133917
4064395
1091798
1629119
210170
3230394
1057986
4097363
2400727
2433142
3672175
1210966
936419
1211516
1343302
3484934
3023145
2451087
3533388
2678863
2569328
3721364
3666373
979777
1490952
1877473
891582
2505872
1807587
1690409
2477283
2494461
27697
4018606
87549
2102260
3754382
3183606
1259985
274476
3581715
2108730
3614728
102161
1648358
2195813
4166346
195344
2394595
2277917
3761921
3340048
1884689
729438
4213
1606855
398021
112020
138167
2527000
2338811
2746416
2289776
710317
4150162
1177713
1183268
1112116
1123967
3435345
3924855
4033841
1191102
3258911
3291451
460597
106635
3564212
3525722
3489441
1905429
696237
111277
3723973
2122791
3331537
609771
3492562
4014392
2674996
1704238
3642361
3045439
2927288
2129967
835299
4013257
2904411
146301
470644
1012544
3054230
3265679
3153552
2547364
3922383
2148946
2820080
1632290
3737918
1500220
1028112
780601
843028
621570
1642574
2635138
2760105
2781829
818624
567941
1885009
1292026
2643274
1731107
282494
988401
2458117
1128944
2456151
641643
1396526
3417911
3055078
2476896
3045501
1624860
1152028
1176608
2394711
1182591
1983993
1860271
276473
1174775
676125
2861759
2202410
2305717
487393
2394463
1253151
122581
3521980
4097005
3321838
1762204
622405
1422444
2264870
2933981
3885132
1691136
3370441
3096275
103693
1804504
1919825
2560435
1770372
17713
1483110
1583497
387118
3830336
2778250
24738
1015552
1468498
1054981
1615037
2980294
152399
641551
61688
3582794
1273945
4090233
3152375
3349361
1283297
1002455
3923886
3106040
3655033
1491762
292857
2684132
1374501
1071082
3065924
941933
3836278
535345
469679
911353
3863956
3929766
3885946
1318754
3297100
746651
3348210
367463
649833
4147989
3732732
1049584
3308753
3707783
3024051
1908573
2961753
3405376
487074
3209561
1753527
2671759
926388
2338574
2485392
1534908
3835354
397416
2183359
673103
3338318
3811357
171872
3344638
3913140
1538482
204287
1833621
52261
536645
1848547
3556422
2456207
3701346
1953333
3437576
3569682
1861020
2241333
1157351
2174483
430901
48270
1454421
3352129
1192196
3003377
1547372
3027664
1762191
1105600
2950793
2378406
4171032
809670
4115677
877712
4158418
3988946
1485569
1704286
1128132
3353115
4144732
1361013
2391407
215552
1419345
385241
3242119
2159528
1974334
2350385
1026008
2692922
2907417
3763087
2911753
4186811
2720944
2729407
2851217
3000259
2484372
3625348
3092056
1178016
2479477
2891675
2031958
2559864
3605567
2066377
755764
3647368
1046351
1272089
97841
93407
960721
976644
1584032
1162131
3979848
3796966
3325568
600408
1352398
1478110
2096556
352589
2160261
4165909
1268001
2950464
3047371
2322175
868742
519383
2463259
1213390
1930377
2721972
2547585
682255
2748264
4102260
1594620
1572943
1646570
1635327
3665246
2818345
3226089
1744299
1145374
1689085
3214714
2881709
299779
2491648
4019921
1001367
795118
1679369
399602
3633960
798375
1999602
599996
2918478
403346
3772760
1824451
3941634
3240569
3056362
2808849
3297592
1048701
3417611
3200090
3973757
4025842
461229
881646
3536218
939819
3718005
1805090
1358285
3301764
2181336
219604
4165914
1387772
929010
1926854
868216
282652
3308607
3303884
3789321
972946
2922394
1231980
4086788
993894
3478758
2698033
2283315
3074539
4111424
1833008
1076470
3485860
46163
1169827
333889
797722
1057687
2694140
1274672
194512
3436014
3811017
2416313
3553156
1852840
2553861
2311559
1129508
1940633
3014940
1934397
113727
3605072
3000811
1103447
3423551
989161
2542324
1655363
1019972
3716078
2478048
3384643
348328
3337436
680053
1341608
3953485
1592964
70493
3419268
614466
2029211
3594809
1731234
3305680
3009970
533631
3335357
924896
386473
1153806
1133906
1096484
4092913
962743
4075091
1239654
66380
1104640
4002864
2709666
1038776
254700
672737
957965
426373
2067984
215720
1172787
1212253
2552376
3730846
1870140
3789974
1319930
2278818
10262
1269577
1992070
413580
455529
3401269
730467
633498
2562271
1344142
2288159
449717
2374692
799264
101954
3887105
488323
261931
709602
3769992
1774511
2922071
773269
2879306
941986
317911
2162570
3906946
2028399
1617262
3458068
1500812
2772983
2878228
4064828
4164380
2268613
691060
3547335
3502699
308309
3815505
2304768
3808125
2332517
1618267
2035330
373522
1110298
2859574
3242523
1608208
3080372
1744241
504306
1282494
496307
3307066
3665897
137618
1238699
1017823
2799401
945009
2080377
787346
1871037
3690767
928738
131876
1618491
3991566
908899
1401205
3461682
2153309
617302
1159446
546789
3518022
2476883
1789047
2796647
3363128
2569042
1849860
2614743
1028741
2373921
2782334
3668072
3155850
1219465
3409716
2263999
3484789
1016103
1359759
1727748
1545170
3941532
2538866
3639087
978422
1241083
3445259
699308
1679166
2476861
2545300
665191
3531164
2760276
147875
1855037
3643955
2415478
3630576
2570269
230516
2366906
842295
1316845
2340706
658106
2656944
2772100
1693485
3331509
4171196
1137205
3451846
3626001
3195921
3770792
4132320
2344262
1818225
2122045
3318086
1150551
935576
2746182
4022924
2117143
136908
395573
1071590
1554679
2814346
1069310
1579830
2983793
1497232
3372567
3099236
1222020
1298381
320315
2778441
673158
3200126
2541959
2499968
1408094
1407648
4099466
3758657
571386
1917019
1299693
597253
1508531
3446486
3274267
1431329
2290416
1488224
223563
521198
2261370
1700510
138806
517162
3101886
3751678
468053
2128769
4017657
671555
2910300
1045881
1497909
3537906
2644927
2144728
2587919
246214
2614829
709494
231745
831218
500204
3831962
1514653
472056
71299
3731609
2417267
1941237
808820
3928099
1074817
3993419
517070
3166951
3061319
2024797
3592385
1850719
939595
1970697
3935303
4094133
3201022
253811
3293646
2164927
801559
1129538
3037712
2044201
3067698
3708371
289453
1430151
1200305
501146
3196811
2629829
3680379
930746
3905804
2076420
4057037
3176503
4165366
1698793
3020835
3672278
3277711
563122
848132
764109
3964202
2455350
1090218
600373
630939
1260841
1372713
2100674
2930050
1287728
3097827
2958922
860400
1560748
3703966
3281222
1966645
2560172
3022288
962555
2364643
8848
2259195
1858882
37095
24519
282748
1594853
3338395
1323583
2046130
2474590
1196069
2303588
3938472
2028405
339932
599932
4064510
1935970
1257116
1579704
2194999
2618076
3172895
1098115
2316102
2604618
2189130
3933916
1705633
717538
1735136
4079879
2593769
3955353
196155
3425639
563277
606420
978093
3972162
2956582
1606466
3435901
623237
1762852
2751115
1816579
1675560
2941289
1366713
2689965
1086318
3899742
784938
2008152
3835422
2880290
3133283
1902719
1872433
3600026
3598781
3812253
1328591
739453
1310492
3904121
4177421
1832250
1108596
36654
3458089
957876
1479256
2817425
588532
3376477
2549657
3529566
3759290
788038
513569
992627
338919
2221876
648817
180137
1808831
1947201
555036
545348
1624297
2898004
3299963
372136
3552104
1988516
2107310
4078087
452359
3041297
1833461
4037613
1832692
1330058
3426178
128442
2420485
2161816
1419620
458944
330633
3798020
2337731
1084394
3086456
2606153
3473333
3301017
90635
1130355
2095290
2230220
1277214
563248
2606660
560085
1852215
1107119
3459624
2794318
1269167
2665873
3077206
717992
3148880
670259
3354238
3203163
2990000
520375
1953954
3841317
527580
96092
214715
2020580
560272
2215569
1479983
945950
2709485
3000595
3987451
3516307
946006
3797544
2760398
1269443
2917701
2866092
2470529
1313366
2896495
2819604
3384079
1859063
720813
1619739
2129817
2416196
3446218
270169
311017
3764562
3370703
2448275
1702639
1181121
348533
586080
4194116
3830949
3821439
2513673
84832
2462875
2872724
3755201
3966288
3545638
2104163
2084794
285462
123907
2244149
640588
944822
1902278
906315
2549955
1299766
3134836
85751
3258089
1694034
2439315
2689578
222888
145603
2692034
2094905
1579277
920910
2331621
2866279
2833882
1686229
382821
2734772
921204
3180641
1159915
1847753
2778481
312033
1361424
4179010
187109
1520413
2730115
1503452
3994663
274806
1992880
3480616
1059280
3745198
563350
819639
1839819
3967599
2649835
3609598
1274254
1450733
524886
1163883
2148143
1451931
3604569
3148661
562001
3361809
4179414
3563616
139851
1287083
1501572
2946055
332609
2454608
2502469
2896778
1609791
1188581
2294544
1304471
3122332
3045307
1806999
3282987
1122879
3757484
894952
1147907
530806
1744619
573498
1327748
3981449
197541
2030867
2929481
2110147
3775756
941451
632854
289694
2623567
3340765
3966500
2243625
1811597
487029
3579514
1465130
3947360
1999807
85673
3350492
3414718
2235853
3297138
3839234
321581
2025782
998819
2466856
3031506
3032810
2589534
713584
173824
3158909
135068
423740
3767290
786630
2028337
247129
1661690
1014776
498765
3898844
2034802
1039361
3505584
3270454
1509740
3877080
777749
3939115
487825
2171559
566730
2155990
2928031
3284549
1788565
1749974
4136934
2360300
1452490
3785060
751231
3252915
2069801
2846991
351961
3155773
1892142
3160729
4165773
4032846
1688802
2399942
1737088
3592597
1804432
3476522
2714500
1922668
957115
3348729
2255060
2844721
225758
2196567
2592178
2173380
1690012
482741
3192368
278362
304498
3495692
3756588
908008
3147613
2976189
3163863
658593
2918493
2548270
1984937
1811322
3967645
649282
482757
2361091
418902
3529737
1480117
2506345
3229776
2214266
1403184
2298064
1529999
2100812
3027156
4067536
254812
2372883
1465760
1409401
4162664
3887410
3728347
2387412
2837656
829079
444984
3022545
312659
2055907
3198478
2603148
1363792
443737
3071379
3770779
1713810
231086
1754478
2354578
3196927
686022
1242889
2284534
2092508
1458524
3572311
1046800
4143335
3290629
403780
545609
1082509
575536
1842961
80235
1115237
2289647
3717738
3784125
3084752
2651874
2193686
1173869
3210091
2994338
934272
1086261
3223736
3450680
2353725
23726
618405
3305485
2406777
3476642
2644521
1443813
294904
1379132
1451070
3592486
3073512
1216332
1652126
2652868
1520639
788255
2795079
2991144
2655542
3618465
707651
2164655
3464128
545052
2686638
69019
3268746
3292472
524252
2486050
2017367
692655
936903
380054
4121507
1971326
2363062
2560622
1630016
3865727
1994743
2338606
2333054
3686569
3772665
977353
3716045
557223
1473699
146016
2485485
232591
795138
2929563
3510377
2648052
4035659
1861724
790003
2575501
2369370
1196734
854879
3159323
1575119
2380856
279428
1272072
2725664
3743615
2619496
234456
1361127
2984118
1623722
2563348
4025903
3971862
966690
1709284
547276
2711523
1818772
378235
565
1784775
4091820
2201643
1063979
1473454
2129970
501337
1770618
3248818
1496357
798009
1483726
3368034
2111450
1391808
697924
2443973
2025861
1924387
1720822
2251028
3065767
2005322
1305840
947029
2816452
63797
895034
3275021
2028225
3852149
3572264
476644
3158758
3984646
2483339
2272088
208092
1252209
1613645
2118159
2658140
2306612
1487761
825712
1079621
657869
1860411
3769184
1011360
2297605
685661
4088688
2851715
1943839
2913311
2086497
895802
116949
2851305
2066172
3800605
2689900
1220592
1838510
1420047
1007082
209276
2321107
3102772
2620139
2235881
773652
310742
3796966
3787190
759154
517561
480128
4061711
2158582
2397688
1320153
2263661
3924922
3166488
3677879
1819231
1214918
1071334
396841
1376285
91142
2595207
3741775
2511857
4162543
1086019
3843553
3599968
72539
448593
3733607
666412
2585523
61724
4106312
3777946
3249052
2350951
2154157
1568935
415674
249541
692722
3862787
2480452
426238
1489973
2866324
1936470
3382153
3188660
1249772
2705930
1243854
2144738
2372747
763269
1285109
3818950
3867437
868311
1074462
3989171
1709989
2858384
653740
3872441
3863198
3254479
4094236
2764481
3058270
3111480
3022208
960610
4035903
1902485
4073291
31405
3736305
3790349
977228
1663497
884688
1454235
2483834
2154785
1341669
2111288
1733564
3014676
1963943
2726304
2481022
700624
3535515
454673
3177035
1004403
1826711
748100
1821077
3806148
2036537
617672
130390
2332595
3878025
283243
2303137
470262
884281
1253704
82645
77088
4085385
3605267
3104482
255753
374549
2693258
2530771
1751910
1520914
1079559
800538
331966
630457
2321583
1619398
3581230
2919752
3068888
2398996
2988204
1969271
1365383
3821263
267016
1323845
151239
2471062
1058425
4002453
1263301
2130394
710239
2643658
2403934
809542
4124550
1544493
2921281
629853
3327756
2411631
69167
2285233
956977
4011436
3992727
1702138
1556441
2858148
2916210
1744812
2009696
3049010
1288743
2302120
2720001
3978307
2837466
3126211
223309
222195
1472346
1943759
257612
3143468
90299
1882610
2420826
1512041
1689150
2036737
4192774
2439034
3265542
576573
1900103
3274452
2864285
449882
1525421
2643403
914621
2394580
1086242
3712792
120698
1855531
1354915
101813
2283843
146243
2901329
3989373
406543
3105561
939285
2319710
2027620
2007812
3921137
2110116
3475614
44399
1168998
879473
1746341
3764964
3977771
712169
402016
3639852
1114021
2387583
1600789
1774209
3501876
3272068
857517
739123
3022769
2429070
527694
2319012
3422500
1542906
3329710
203400
2032490
159981
3831591
3774695
1246832
856472
723048
3609607
3362092
870222
1225582
206769
1966450
550036
2072062
642745
3894099
2838294
3226524
513746
2388583
2826637
3797987
1861519
1462193
1288496
3179346
1492066
1582421
1156602
816202
3820394
1744066
1542940
1732474
3817790
1074880
821624
2393019
257548
1664535
2185484
2606419
2631654
2046486
650747
2966976
2472732
357007
4079252
2619215
584205
2510684
2815963
2009120
3400155
556296
1970072
2312501
4152638
1871429
3425284
2027186
2205489
54019
1599491
2657006
423509
3011865
2448575
3762167
3072475
445274
2968976
3043513
203098
220217
1166333
4009335
811446
2515823
706613
1135058
1697472
2731689
231996
1309709
3122405
3728123
2526621
3261494
3299111
2703425
2434684
2580422
2433554
158298
400929
2577634
446995
2188044
2543466
3655170
2102735
317084
3741042
138931
3736011
3966753
1806021
3179937
3584265
2155040
1501055
1636814
1164816
2290225
329713
3668103
4016326
289781
3728904
889689
485243
3381384
463056
369050
2204892
388554
609959
44800
4013591
2783001
3562339
2817704
4166660
1245746
3226626
1380388
3184949
93065
1768000
3349954
1922101
3540987
3871531
1144070
1202369
797870
1415606
143328
4022888
927129
2755610
157213
2653443
1653776
3169926
2915653
4048330
3371992
2128341
3347457
3356793
1761221
3360649
801263
2787003
2877653
1664457
4113372
3257901
3143627
483154
3923261
2716084
378949
3161890
1138559
3704156
3513288
3360983
1407022
3167250
466631
216214
3086461
27391
3405125
164261
2512883
2270122
310973
1526360
4007259
2159026
2614845
4187464
160880
180337
3070267
2551370
2519019
3327716
1496536
1079729
879260
443975
3026652
1635432
2274493
2686188
2031367
3405800
535042
11009
721319
180206
2890162
1545006
274188
773872
3576180
2713391
3345876
1843250
2946928
1617266
670197
1764234
101238
385788
3001010
958222
633888
961918
841964
2273608
1670714
3581204
3531257
2642486
1195041
1769693
2084071
4020997
238755
1099475
991318
3996250
1437707
2434639
1297301
2810176
4100452
2296395
3169492
3999930
4176142
3847589
2327103
3456296
3968081
1262417
1534194
1888705
3879481
1073145
2771912
3767426
3363348
2642013
2703795
3503261
2208052
1826004
3773133
1806487
629320
3519181
1604494
1847453
625948
868249
326527
1860902
3282789
190834
1052072
2531796
1986728
1036336
2291769
2017428
1254100
74960
2868708
4126927
235498
195365
141516
3359913
2521866
1418195
632902
2989997
3925146
1988343
602123
2274447
2717564
1363005
3370609
656960
2243094
479650
2830348
3099831
935890
3867595
2800219
3688646
21072
240116
1780698
2327011
350244
686366
2249160
2133092
3151599
3840509
1570988
433955
3377665
2438884
3519889
3402055
235347
1530832
2130058
1294446
3783013
2971928
4008534
623723
1860029
1634808
3968637
774450
1438914
3963180
3191037
562206
1589449
647173
3338840
2281750
3831799
2500194
2639753
3238780
3933486
2663334
3317150
3071357
3986319
2936654
1473598
3998512
1154063
3622595
2864483
3599360
1737537
1505773
4099935
1243446
425884
1156974
466981
2909738
912032
1474709
694177
3382722
649472
1008782
3038808
2730492
3294346
1238139
3764559
1929456
3085382
3085580
1555262
1119679
3849080
937177
831706
3117677
161209
4164428
3814689
2010621
1098696
3785980
3018972
83676
741540
2095393
1855866
2674824
2033212
3924317
2326748
2458776
1969156
4128731
2421885
2977536
4092148
2937409
704165
4110227
4052339
935027
513977
2846259
4144813
2980256
1588669
3683009
325268
1543606
2748529
941906
1854323
2877858
2284026
1057795
2184113
2955132
1988951
1198953
3576575
1089734
4090546
3355367
758832
3290789
3344825
3914652
2709595
2048473
3219832
1418103
3460263
3898764
2152585
163669
3272002
172712
133165
1955586
506724
2367159
2349556
489605
1175788
1384841
604452
3285601
1844704
1364090
793423
1137016
948457
3699515
533652
2962605
1038783
1352912
2087427
854024
3829734
1868319
973414
2471097
2518077
1330425
1675946
2149862
725273
2120357
1980095
2011401
2821967
33365
692228
1209415
2934480
3600940
2179579
3568293
2686336
59224
2069947
1345504
1255049
2082815
469645
3955051
3365112
3384282
3319188
1919089
2279588
3473444
2320155
2832707
1393745
4072761
2165831
4039665
3903197
2648893
2560327
3918650
3578297
2976325
2509351
915092
3007286
3518539
28124
1632145
3367636
2713436
2361990
3770509
3992675
3822212
1216048
435261
860779
1915198
2979053
1535293
2995471
61005
3926115
3542825
1907512
2053824
4009973
3056021
1435109
2334216
3859399
37442
1693199
2345599
1961510
2473027
3767767
3748856
947764
4040875
3356157
1687043
2745756
3760455
1111453
2743948
3034335
1765835
2856713
1730569
3178886
1987999
3864143
1025033
923179
3517292
3244512
3160828
3201882
953462
3702868
1166406
197036
1033420
3048340
2324548
2077309
1647075
1860702
2937323
861797
1306226
967433
3132480
2373439
1308427
1509552
165660
2431372
3357867
3213791
2244138
199307
3898842
3349633
1871399
367602
668166
1422420
2638520
3422817
606938
546974
4188605
338006
2189751
1490007
1712335
712115
2981208
666639
1387259
4099435
4113693
868772
1872659
1020565
731663
2845897
3809054
2007739
3078852
729456
4038318
1933973
1458730
967098
492496
1878090
1176940
1956945
1409143
224655
3416484
3708808
254858
759251
973131
2794473
183687
4012723
3991519
3647848
3644466
2691227
1826531
2339005
279917
3030070
1476973
850834
3830241
2016571
1807668
630781
343965
4071784
702959
2254631
3073579
1222652
997510
4028548
3729477
1024262
3451798
1162604
682950
404885
613913
1113408
47434
2131492
2662209
3990633
2210522
3625307
1279292
1347090
107441
3314028
687181
1656729
401117
326106
2321006
3586874
2611289
2785703
3364842
377376
56292
2912802
3915197
3155338
3015213
4157274
4112673
2620203
3433732
663927
1656054
4069334
2416156
363564
803400
1698749
3548664
2011337
2614561
912961
2792492
3550172
2147189
3953854
535470
3535084
3627430
3403371
2897558
4059226
2745617
2091549
1234345
236536
1057116
1328934
2410598
3701174
975420
2247551
3706937
2853392
2107660
3637817
1657973
812149
3434875
37552
3717009
622257
38210
599952
171142
2451881
1779187
700422
765612
4155645
2619867
3674432
529843
709301
3916948
3568808
2112612
3758808
2834989
2179619
3500751
3668768
3482453
4041793
1035917
367010
1400327
4133402
1442511
2703675
2295881
3917623
100208
3589878
3880665
2275300
4021016
2145665
1920406
2976766
2651652
356693
563321
2449255
1081306
1495291
1717707
2997635
3130746
2733155
1525205
2093468
2171463
1255256
731103
48240
1334107
190719
3758338
3998435
1051554
1840087
3452213
2256240
1859764
2896546
3574223
1134268
1022939
1641647
3742094
4161249
1838401
4052526
3722270
3144057
3105447
1033197
2960486
3734928
2843605
2596994
1002655
2903659
1178469
202412
1746160
3039255
2858775
3832425
941193
3830297
2581630
2116274
1925212
811564
1098782
2501384
589491
2379062
2115370
583438
1974696
1489099
3185363
1558259
255066
2313240
1727288
1781348
1137096
300909
1424536
23409
1154829
2648862
837431
548554
1077770
1657351
1150386
534968
2469796
1384816
700453
4106100
1579618
3916430
2127313
2910706
2045275
604062
443706
581423
1619557
2260166
622298
3707859
3912598
3814513
4141649
3627223
1311966
1077426
2695328
640283
2405760
2558221
961444
3470652
4168435
550228
1423613
3126442
1228676
1580401
2307945
589879
788646
3273566
4172943
532939
185926
3010885
3930376
533033
4051506
843112
2598154
3088965
2026563
1323875
830258
1457560
1710005
1717465
3417305
1392369
2883791
60169
1700339
3215700
2954985
2850964
2936574
1495046
3374752
1511567
3547049
39155
4146524
32419
2919212
639032
3835872
3608709
3441297
2495383
1341352
2162295
783080
1562647
4154369
2066781
1444088
2844559
3914272
4160355
1416436
3705513
2357399
915575
1900391
728476
1573226
957243
1772256
1529265
74311
2435329
1352584
2539939
1490366
2558998
3136744
1994144
2598965
191226
1815991
2295599
2470471
921921
51017
721495
3471392
137692
3255633
888204
1406875
92014
1775077
3408699
95130
4035838
1876059
3230948
2326331
2190736
3260109
2878629
1836452
1912032
2421072
3100325
809711
2437444
72281
1595371
3124339
3644247
245593
3723046
2344364
3315140
1235042
1435478
864558
1178895
1451387
1435533
1895912
884052
122389
4176599
660252
2138187
2444809
1648830
682939
4100099
3862116
408229
1125419
3131664
459146
558439
2695151
1144994
4106087
1033948
65410
1660262
1958168
1956931
4040723
2246333
1064335
974292
2800796
440581
2366389
1147435
739349
1824575
982716
952400
1789642
2438775
2440072
2865827
4186938
2617754
912432
3218542
3976434
4031667
2597626
3407002
2855993
676602
2934629
3913867
1267111
417438
1370123
235650
3120186
2359761
135876
2608222
1073851
1470516
3042336
242357
1733710
2714680
3863183
3495146
2148948
3701049
2963100
256375
2899224
1240260
1041313
1641958
747830
2933928
2174800
9056
3843010
1851636
2312601
2124194
1700254
2646824
4074627
321910
454452
747066
2026516
3624184
2302899
4026153
1791975
2716421
3769721
670074
1484832
1261753
168483
3296782
1258053
3349247
1907805
2678253
1014643
26851
3570428
3922467
3682123
186258
184960
126819
2959514
3416517
3352217
918142
2736406
3281188
2834355
3541273
3040694
1401882
1674532
3533218
2147779
3067373
3642587
2519194
2066540
77756
1449096
913046
4034876
546227
593582
3157657
216388
3216304
1632181
4047776
945784
726287
1259245
1840258
3439223
2176080
1066638
2569761
3558507
2851579
2127971
2397946
2621700
821513
256088
4050474
1674715
2568889
530474
2141572
578567
1051234
1855927
3604367
2931464
3466217
286246
2413287
2822934
194560
701753
3714404
1649007
2980882
2595488
2314407
142636
4028576
93995
4166001
2000734
1072825
3154990
3409263
2144087
3245452
2485648
3213362
290139
737411
1482941
1841802
2685830
3684911
3469209
4088853
3064663
1849181
3103096
4167309
1889834
2847654
3941129
3363946
2149826
2607869
748939
3835121
2420327
2135983
3907837
1840441
2474894
558775
140838
3700044
2090546
2640966
1460279
3880315
980568
1267186
2123148
2085523
2905921
3054253
1028574
2158398
3705976
2700938
3444047
2487757
925479
120989
2276167
3347383
1325999
3985346
1259437
3730521
2496513
2844830
793035
2348458
1023876
3836803
3561211
2127055
3544073
3963468
1998306
423696
388902
3417084
3186740
622647
724506
1855605
458025
3289875
1579295
2784843
129145
3913692
2886239
1420080
914961
2353904
2476910
987757
2374044
2299503
1381528
1924060
1383802
2330041
474151
3968992
1061647
3263421
3687345
3095821
2808627
3936811
702631
3020350
2098855
1702698
1128551
1653520
2622877
3664697
3527321
2163865
2151225
3905972
2715685
1073646
3656521
3798099
2921841
1207306
3844448
2556316
1589423
3893106
3236471
2659144
2033281
856699
148496
949816
793958
1388907
3796832
2677776
4170518
386636
3211060
4060192
3515527
3406565
1225353
823390
2559183
2903650
2966485
3411966
3967137
1672132
3808659
3594808
312470
1457850
341580
2480039
3445676
252311
2347387
1003828
3978182
3634014
3863719
271852
1505023
1673060
2870738
2138414
2561335
3667752
3929756
2329048
2056888
3790632
282571
3709578
4176255
3021057
4191435
2880076
926621
4018808
2886309
361149
1242343
747991
637345
3530410
1047327
1316793
3426402
3918206
2233552
2207232
82009
4075816
3737149
953501
3512669
886122
32911
828070
850630
299385
1936679
1479610
1537919
716140
1175278
826304
2498086
424618
255179
3661613
77206
4153677
747704
3502570
3223811
757032
1035714
3534631
1091087
1244541
241349
11549
95496
4043959
3708622
401058
4166732
3222754
3702691
3305312
2847165
98550
3168177
2586923
2618773
3957035
3404374
4115507
2355131
221022
3013010
3001784
3663027
2766241
2130025
122635
3328111
234578
1923992
2755636
4044710
692583
3931286
3800391
58036
1925129
1384114
1688263
1201821
774220
853875
3469635
916230
1144169
814448
4172959
985499
2355083
883797
3461079
1546961
1114510
1179499
870064
2425834
1433868
542825
1523557
1913934
3585987
1267250
3932154
1298761
947055
3454904
2154582
361566
3562089
2528887
693643
2572920
1716111
2913686
1580911
3561450
3737677
2085553
2518858
1951792
2151368
3331438
973028
3545083
2657216
1208675
2930200
3707386
3061222
1374556
2818471
1382303
4054859
3968631
1810136
3701273
1116024
2170873
4163478
1883567
2854169
3811392
1617713
4020498
190153
888158
4025152
2395126
3792890
1502917
2882459
3542617
2218270
3766068
3956868
254548
294222
387070
2835847
3932682
524704
2641498
1494647
2187532
3904719
3505643
2712364
1941782
1103550
2073941
2445426
1566804
2116378
635290
3291926
2534279
1713725
1146832
3354930
1769058
1377825
535074
4108799
1558305
2686400
3470156
3358336
288791
11763
1555588
3407050
728953
3529328
230795
1358863
212670
2316745
3624484
115779
878813
2370096
2083370
1291576
1718948
3251794
1315655
1426238
1582979
474141
1422589
2735126
3341692
1226443
1066789
2554857
4183932
2727002
4130645
3695435
434563
147306
2423573
1930018
3742264
2861193
1716472
2231778
1885583
3470729
3079255
217533
2283543
1031052
2476116
3593264
3488758
3437801
2389850
2500814
1370744
2043917
1775356
4008952
2783477
3014764
65358
3696813
2462539
1870241
1369233
1679971
2380403
4123352
3875519
731507
4140826
153351
1743614
3052058
1535321
3278180
3734958
2306552
1589189
1205055
451582
2310640
2944629
1667828
3260401
746131
337151
1629830
2324690
2584948
2566252
2608923
3340844
727500
2795835
2213962
3963542
15341
2101496
1399283
2031432
2354494
1349836
1744609
3646740
3335406
1694186
3532095
965492
2286867
2503262
3663106
2419763
1578421
2563181
1949020
752183
794710
2804142
623102
1342819
750572
1798661
1290571
2359557
1531903
1006810
1016113
256222
3515662
3508941
3719616
205056
189905
3367926
2291391
960803
1200020
2215391
4119298
3246247
999359
664338
37823
81685
3097449
189160
1762422
2358621
846814
1461778
3168831
1405501
1478394
56464
1280860
555832
59265
3579355
2114837
2328596
678072
3275872
1644133
2972229
2977948
3458049
2229857
2404798
271790
988217
3746465
2773622
2879147
1571157
343459
86234
1760838
1208885
3456410
1342743
3438690
2851794
3603710
2053883
340109
2314115
2920965
133441
2087066
1735558
901538
1814968
100554
1790701
2568175
1917790
3214508
1259897
1298040
3833702
2153605
3551926
2086831
4052900
1909616
395209
2720657
4101539
3907307
1194625
2989297
3044683
122944
772094
3084208
2020580
3866464
3784552
2632120
663833
537084
2096416
317732
2730534
86679
1931497
2673068
1088446
3197285
2619972
1066029
500940
4105148
3817011
3383440
4081067
764963
3745113
144267
4139202
3787760
3013728
420436
892440
2940563
2051157
1692023
3522762
2900796
547594
2245628
3624258
2822080
634206
3296618
57189
3234194
3550600
3966221
4172421
1916444
1632211
904254
1287334
128596
2488356
3133837
500236
1582956
3197444
1255617
121351
3640285
2687220
1070375
1717658
1675979
3619595
3984274
2229824
239473
3344608
2381952
2649690
374344
1636073
1873163
3470941
520392
3326251
846872
1408666
3973195
166148
2222758
2155549
2109473
3327405
763844
452206
3111622
1191787
1939806
3897654
3486279
2124276
4178276
134859
3758134
1578959
2575512
3808902
3760628
1736396
3932947
2766138
3444561
2448867
912990
2686825
615192
3857199
4174146
2451008
2350571
4041254
342459
3474136
464461
3109128
3802487
2542877
2855750
3532067
3312504
3241989
1404801
2678600
3357714
2444370
1652100
1738304
3907110
3135735
750738
1232273
1842340
2236798
427504
3650922
2905291
3854909
2414414
2271321
4031316
3448726
1211943
3683101
1547083
3639327
1781817
704140
3864701
649005
1970775
32635
953151
228561
2618195
690958
1361336
765960
3285456
2662923
1034724
3071191
4144392
1038410
1700269
1118298
2198914
2299964
3046632
1007841
203836
4141880
128462
584429
3695053
4058081
2030045
1916003
1131517
3912689
662552
947960
2067906
3258104
1164960
718103
279121
1613778
3812905
3930848
2289586
2139331
569453
3945794
1236596
960125
3498636
173533
1982832
428784
1440413
3676156
1851811
2856859
445168
2023197
4098475
368722
727811
2754417
2855216
3639636
3828746
3567070
2000370
86764
1003285
886288
4067753
982165
839176
585135
2681361
3310086
2912558
2258808
3572427
376971
3542135
2734928
559444
1856512
4127474
702732
2472275
1180699
3290452
3405349
2812935
3336065
813931
4104702
885967
1058488
1075631
2844252
2504887
1196686
1945423
1149832
4151142
2612348
300083
1000666
3783910
855277
994795
2736027
4138603
2380663
2645073
3721503
1020889
2187185
2194973
998704
3706464
3126013
1094794
819670
990615
1792238
2267655
731687
168234
928777
3893471
1622872
2234454
68306
3948223
2375740
2625851
2392303
2778088
2141398
1556428
3126808
1113125
1616998
185904
554424
3461049
432272
690991
1286730
3083812
2893084
3057818
76927
3332090
3573177
101891
1125752
159216
2358903
344692
3762698
832431
2855133
1156108
3566225
501572
4070297
2626742
269332
1095652
2822889
3603399
53574
3636578
579656
2012888
3672099
633766
436190
2525492
1835383
40695
3075807
2039268
1000386
2759357
2157527
930518
375046
2273848
1500098
2233086
419185
1796705
1988033
2294377
2452295
460889
813981
52852
3585054
1999832
421658
191078
260922
3483987
3004243
634652
2752434
1560289
624095
491986
3917329
4027713
2703611
3722002
1950926
815864
155722
806868
2538348
3139779
2251695
2189787
3789856
589803
3184214
2451171
1648544
2479582
3754895
3211210
4014087
383337
3134741
4029853
3813339
2884728
1778345
1710701
3949416
1522875
2372386
3009059
1649753
1008112
2510059
585774
3287396
2460334
343450
1636430
305167
7113
1708807
445275
3942439
2426174
595524
3865422
299773
553072
3180410
272852
1999696
1607188
672202
3533991
892972
2868061
4102965
3260500
3231822
2639323
1051755
1015472
767392
3436939
540034
2781744
2274046
2598439
3358077
3382513
2136131
2118465
2906043
4006973
2868833
2689465
87413
1387165
2289204
2107226
1410928
3396344
2536767
2099534
1009363
42564
335910
3170370
3887105
419335
2551671
1277252
2598910
1860147
3149661
693334
3872185
505500
1886140
2008083
1591375
1895637
1389297
3992200
2331023
4075533
2895448
859531
665158
2397809
2780647
2715800
971296
1124596
1228395
1849714
2673008
2862160
2427576
497469
2445834
3297979
2905636
2938741
830841
858879
3713857
1045896
857312
2175499
3011582
3776216
3695327
281121
515850
3709593
2007046
2738870
3962814
1128132
1341419
3670681
2505212
1489295
1832991
4030174
305955
1474314
631751
1299946
2214629
1010025
2272227
1388671
3756551
2487699
3184303
2644858
3161358
1472143
361676
1849552
2218
2683962
3580529
3198733
3214775
690175
608745
1713104
4036970
4128440
3093648
1299443
3350352
2969455
792766
1416340
1105750
994969
552923
2239543
414144
3751668
4155172
2001557
1503988
2306656
718872
2222454
525289
3556491
3771814
2490671
766456
3686170
3668463
4015553
2103069
2828560
815398
3810083
865569
3112950
1457279
2280491
2110679
972783
2232621
787096
1694933
1767963
1539108
2166389
919219
2316435
1435408
444852
2723092
1578972
1694745
908119
4165606
2580593
1187814
480479
356625
602977
532987
3858485
3495294
971515
3507574
2471492
179570
937143
1373973
1495496
2294389
1874681
4085180
531204
74034
4126079
527521
2951629
2017383
1605425
1571451
2644323
2250762
3223611
1292461
524097
1133815
4101582
3838779
2479278
1925135
976800
1923865
1507702
439796
2568438
1486104
723417
2454691
3261919
1986818
4176378
942462
4134214
2344765
848411
1688094
1163540
834084
39526
2053071
2430488
2657398
2945503
3225828
2082967
1607723
271683
3873356
2983477
1337676
272291
1292667
3088997
3764664
1317589
4145118
2577477
91408
1699899
2639975
3998407
496937
2949767
3812909
1589375
1701860
2310850
878845
444050
3030305
4164577
3267497
3799252
426207
3688949
2513704
3172665
2476176
2551131
960714
1214421
1044363
3665517
1924242
1714527
2883711
2047767
369550
1027176
897595
3304920
1072132
3328488
1593854
2248967
1933550
3901934
3326896
1636453
381106
3491176
3587140
3429306
4147475
1367402
1199096
1687717
2662790
75714
2998187
972452
101300
1734580
739184
1425553
2954043
1025723
1025524
2098382
2899966
3848396
1941300
4045972
3740757
3919687
3092445
4133312
2205398
2371542
1755399
2806073
4040071
839723
2170024
1663841
1821583
1809359
3712345
556840
515431
1195994
3579279
293835
2223292
4119446
3203619
3531855
2589303
168300
3489227
907827
2876409
1228514
2930789
727013
1549875
3735470
3882852
227787
2469259
1260086
3676622
291248
2514618
192114
1126684
3455879
3758858
3269645
3798273
1144683
1507681
468684
1582951
1703972
269117
1647465
1822680
3815614
716068
3754893
1544009
2037097
3076618
847571
4123966
2811556
2103237
1443011
113966
2280415
2120810
3484557
2281883
3449647
1713675
3288030
1973520
2031177
2992761
3942042
3967299
3513961
564330
2344543
3594449
2407725
3839866
1226816
457895
4096713
1912790
67237
3706022
2908669
3910380
1639524
1408933
1667046
262450
2509431
1352642
2315847
3155679
1517857
3218175
2217426
2381104
2327606
4184599
1175389
3868247
3985805
822853
968328
3981896
2224350
1472766
732074
1447425
1716241
3165993
876420
985115
211556
367625
2053572
3972838
3567516
3733570
74150
1879097
306473
1768726
483330
2589400
1651451
358282
3240776
3320670
1377023
26620
1512259
1236520
3476808
228465
2121288
3438687
2737693
3121076
1686029
166758
676859
219621
2740512
3537741
476221
1330731
2944122
1150231
1164603
2438890
3007890
2788339
4110448
3490595
3561774
2217078
339523
2573231
2330444
1866068
2426292
1605706
70402
1689620
1653733
3834203
1702609
4177393
2440639
2809188
1235145
446440
2047540
4101695
1202238
86852
3222517
1139891
2113179
320720
1608462
2090544
2156067
3132435
1213033
2918223
1320374
4180516
860994
4098512
3099164
164462
790631
4014263
1934769
3265455
149219
1050892
1884008
836320
3822424
2961032
2903895
2549718
1203744
2561450
740798
8753
2288357
3474921
3188864
3393934
460052
2009724
257606
335747
3643942
1132269
476587
2929812
2513829
1716396
3316399
2536430
3904326
1070683
3850112
2227579
2166925
2131085
4131936
2171625
3450186
1276858
692598
2841732
3380952
3800652
1928691
2845886
2177424
1311620
1892158
1580375
909648
3899533
3898713
2975209
3756656
1599021
3815815
3211252
574304
3148498
2516794
2106027
3838935
367465
2839694
133061
2905640
2707521
2036131
157271
3537288
1017239
4138050
3377496
1317126
1610176
1149098
4037592
3397880
1825004
752388
1202208
4018541
1736023
1626782
4792
1366273
874903
2665226
567904
2509572
920683
1597320
301688
2954366
2780873
3197100
3013487
960957
1795630
4134548
3664205
3469792
1734886
2237390
4086711
3955785
521216
1658082
2146480
449923
3972526
4007675
2943603
2396110
1314586
2281789
2102911
2934986
2834901
2961091
2030737
42295
1468226
1842001
2616605
3614222
3836362
423130
2730556
2607379
2329913
3076634
1602250
1884759
1282485
1926719
2283655
3692936
1734373
243310
845056
3411123
518746
117980
2731349
1107311
2848019
2099881
1639780
499084
1094188
78501
2320359
3028842
2103810
3621909
2001565
4087187
3815088
472489
119423
98086
3121828
3733403
2314312
895891
2405424
1058844
1113624
3582170
4192437
2604278
1200612
2591591
2116034
2813916
3717852
1350246
3304955
1509293
766202
1736480
2977652
2231472
1513191
2251412
756275
2767711
3975251
1854879
4119456
2390770
4072151
1261884
123886
746970
289294
979645
1997970
1835457
2896189
1789175
986256
2251913
500949
2684212
3072191
3923070
912807
3484196
4098359
651319
782232
2305794
3900589
2577245
1314736
890356
2220211
62900
139616
3832015
1277895
3453048
3657016
1801666
2726429
4133031
2467705
1369063
2524622
2738207
3546578
1469497
2807406
3171330
750223
725739
1730522
3023281
3373523
1027507
1854903
491054
1950822
3468137
1608537
1766357
1555597
1740943
3626537
3593241
2953737
1935070
1695841
3258477
511279
1727511
2789199
2893586
4152086
3133463
1455365
3738047
959574
1360152
1299043
3507038
3692690
729259
1827021
588996
3354137
3391232
883679
3306411
1977111
786841
1502225
188878
193128
960072
2577433
726761
1936829
3125683
3978772
1611508
3967959
3743232
2660050
3217015
2130843
3031239
3065498
240060
3766444
2311159
3725782
590669
2169094
2295802
2267969
826337
4108224
3037540
239103
3756808
1051390
2583732
1281365
3918741
225286
2600320
2700457
3192014
556029
728604
1801217
2028193
1575683
3881837
3733381
4143761
2263512
2804309
2652456
322897
325733
643618
3734270
3860254
1255361
911555
2214087
2091629
2886405
1751096
812839
3093591
2886579
221964
560117
1384226
2461866
2935612
2991728
3724825
330782
4067787
3878334
3037840
509942
1697588
3209289
2481559
2756723
2318511
2757128
1303914
385084
4110509
3431074
407772
3043765
1615413
2663379
3508033
386233
608827
305608
2999235
4110067
2901928
3335917
1353719
3321719
2349155
1681894
3522202
4006883
3121934
4186418
452249
959586
696429
3350312
3752075
1896569
3926830
3529208
567893
3188270
3703227
2708507
2970373
985192
152345
2534764
846452
272232
3677998
3338591
3916257
3762178
879098
3122075
1802316
2555974
1855570
3354142
407568
636617
3429228
1491333
1457452
4118393
2978825
3642488
2347335
2459403
3105607
1611463
653705
1273922
3932017
4005268
406840
193421
365543
368526
3169373
4008694
835441
3249970
328885
3977645
270160
884373
80487
1768657
1547996
1196100
40999
572687
3121639
4125579
3953345
2211893
1251055
3046282
2200670
704160
187428
2581351
1360928
2066535
2684886
2642334
4024463
1068133
2715235
1608894
2190431
1487043
184769
593177
3995478
179258
1162448
1674109
3848232
2094452
3562000
578678
911407
1909506
1570464
81017
2346585
4000741
51923
2389249
3136669
1513563
2362159
2465213
3821265
2448392
1889042
2456652
1292759
1822129
1054212
3206657
3247724
4133404
3199972
2748258
387918
2528462
130100
3774086
1049444
3771248
3392352
106218
1336463
3803053
1669944
3645724
496070
2603868
295748
23722
1016210
325986
2666528
676867
3319187
1913858
966215
1547086
2484519
2900099
381350
2026103
1040239
355343
1525256
972305
2903837
3016509
3887401
4012426
3870640
472139
1339804
3559723
2315514
2255941
1128750
18211
778448
2437620
1960582
2883194
1526380
1030490
2190446
2921738
1466875
2523104
3623373
2668363
1562247
2777317
1289567
2343648
3389898
1366248
3260281
981120
2277796
697639
741886
1673864
2910769
477625
347384
544071
3180484
3301108
2555656
1063246
785108
948003
768638
46898
939517
1692458
499723
9749
2359199
2797821
3699732
380733
3587439
1219038
2450179
1093323
3376875
3190459
169825
949265
3189962
147630
1934718
80808
1695734
286718
4166727
1048754
683105
1646375
3935556
2360070
4161750
2560127
1883254
614243
2008679
1242668
1404131
1697439
866525
3250532
2816223
3674278
1192209
361153
2280727
1691730
2221749
3448364
1361499
4184328
3131282
1606391
2067586
637478
3207588
687829
2545467
652799
1720033
3645271
3520946
712823
3056567
1339662
413285
1027312
3530087
1835935
3278946
2134206
1786327
2666688
82739
4133733
1525709
2454742
3082902
1334580
2200293
2474997
3021308
1429044
284876
3945531
3423090
2555359
492540
1245775
1600958
1320850
2891504
751332
4171709
1415557
3923888
2103399
617711
4046850
4142170
1253415
2355946
385813
169417
3421595
2398000
464593
1523652
2128156
3306072
752845
1799229
1210886
2646808
3439339
623962
2091902
427947
3305338
2110874
2052229
534771
2284311
234976
1958096
3437004
1034995
2689282
2861485
209845
3616612
1837031
3230354
1386712
946877
119050
2635495
1259626
1057583
1547530
2958497
1031706
2558687
2134006
848112
3715923
1680617
2298826
732369
791594
1831985
1675452
1506675
1935976
2089941
718643
71634
150837
2405624
4178894
1363005
1969613
2856469
1918310
3883762
3110117
2763178
4018476
1699931
3320288
2182770
832276
3564666
1757808
3346680
1020522
2170387
150305
3581166
2436475
1756387
2930471
1956913
2069891
2572162
1941160
330355
1294378
3491074
228233
47415
2484657
3048304
1072992
184524
988883
2369540
640376
2444547
1932298
952745
1856443
598895
1606383
2803126
999709
2305088
3943170
2783599
1069418
2742559
4115632
763973
4163452
2422506
2626836
12700
786578
3540451
1942602
2779761
1468799
527402
1471697
3272873
3892415
1978274
2491674
1573283
2357796
2845285
1530011
1900061
1648868
1483730
4094246
2331576
350529
3461067
1572452
3830374
581488
2705082
2421655
1679977
126086
1720684
3079154
2844788
1751990
976182
1582961
1294227
501945
3346840
3678248
1329041
3321500
2527813
3105013
3215737
4007717
2369886
425802
2418436
1212548
2215571
3309408
2679721
2522563
295260
3856473
1519814
1967998
2306530
2198272
2958020
2300049
3986023
3146786
2171731
3093423
3841188
4015595
1381614
1262324
235783
1398115
2496330
1999785
2765204
3204378
2017019
356053
2551018
4016959
2405905
2279279
3219
467429
2104817
2605579
399433
322225
1456730
1314011
63146
3520531
2389717
1148567
720227
3223295
3529780
3575329
933282
122314
166529
2548593
3238490
1156112
976765
817455
813077
679936
3951661
1285184
1839454
1163760
3611283
2483873
3986670
678740
2296829
3518593
1041969
3760454
2693989
3518963
2558864
67602
1199177
909554
3202701
1347763
1279557
3736212
3868901
2635992
3617073
2428703
3850430
4051614
3235092
3041410
3684967
1287361
1792502
3913799
564866
171546
3668860
3093689
4103550
4100147
1356200
41486
926466
11186
2533360
1367131
1622627
841868
4184031
3170888
4151237
67210
1809057
3659617
3594682
215449
1610586
3397764
1740990
1182580
2827745
4129358
1637951
3449721
4027929
3948910
1967952
2974493
2954097
2387318
593045
2299791
1000306
3296857
4185865
1238070
2809746
3857714
102632
2249942
806075
3008562
4061885
64203
3084475
3617756
3672607
2327187
319116
349417
2755263
271095
1352698
2920970
1272401
1421144
2597838
1671047
177560
2778753
3593481
2842436
2082074
1796713
2577842
1851446
3261207
2706503
3668054
2356611
1600005
1947174
3295132
3685350
376504
4013486
67473
1573747
365245
410173
276302
3835067
2655377
2604679
3826358
321949
947092
2273639
2024456
2764721
2834535
1138699
3680154
1518182
2850763
2157941
926488
2265172
1680664
1233029
356549
966104
2853436
2156807
2943714
808088
1170266
1861650
2544465
1453217
1353671
1024090
1305801
3961689
2502450
3952717
187059
3671697
2164657
2255893
904354
987568
682047
903333
3716379
461306
2461323
1776950
834587
2412865
3086998
1996603
4087386
3326519
53624
3504501
981631
498569
3855268
3018270
3345986
3279744
3923476
571238
1411049
1810445
4027200
3912767
3210034
3092349
1970882
1449093
100514
3619073
328674
3563284
284057
1950103
2634731
2482407
2541067
3587618
1027063
131599
2560522
3551370
1131006
2173584
3908065
3192251
2971085
3882793
4010732
3340690
3104209
1818912
1258394
110808
3686586
1905934
628408
2742858
2761218
1936540
441983
1637904
1896089
468312
2997845
684643
3220444
3225830
2058141
1372860
477202
3952670
2252680
3791877
2205018
2053982
679438
1853616
4702
17783
121263
2282392
1632664
954127
514864
2704064
2304889
173248
2457819
728796
1853998
3992511
826400
3284825
3883919
922617
1655281
662693
3370042
3223421
4166110
3939558
1824651
2637871
2863487
3345841
3760535
1660820
2100093
1632604
1226495
2969095
2738156
2743435
1815277
2353894
5240
941961
4147751
293780
2574056
3047195
768011
1329344
3713164
678994
3126270
3162157
4102261
1282400
398700
16744
2677877
975583
45975
376008
457740
3189095
2284943
1363325
3137832
644069
2267458
825215
3696603
3079206
1254355
2277268
1469548
1530025
917377
713319
709245
3076261
649365
1118915
3171546
495307
3119009
2184492
219571
598377
1752861
817692
1233903
1209751
291218
1762572
2697460
1439268
1896153
1010447
2851321
2784425
1350251
1929986
779737
4137098
1827043
633958
3618942
849002
1692609
2572236
365023
3879684
3501802
3795918
326218
3121362
1398764
4156736
70085
100450
1143754
2539455
3085510
1449765
3785614
2486852
2787987
3686085
3774111
30279
3828174
4101233
2056300
2119122
1726010
2913681
339178
3228751
2862566
2485051
2759853
3564872
3100071
3374928
452669
1548521
1902251
689602
1436354
3770400
40504
1933719
940361
2750871
1640671
3005098
3038779
3524274
351484
3534493
2040273
4127160
1269194
1662329
2938364
458092
1823384
1382679
2069908
1606839
2782184
2364316
1294170
1779337
1534899
1773185
3633687
3904884
997096
2237093
584600
2098385
2249730
3710
4184078
1894454
3160871
3499731
478451
2915214
4069205
1009206
2877266
3522375
444777
2826996
2295677
1437741
436564
4188879
3919440
519572
2813996
4023817
988215
1870490
639549
3355327
1215972
4061789
3565714
3328197
2527178
2308694
2949893
4136190
1877429
1265483
1672553
1043909
1491524
2517955
904228
3348997
1731937
1772977
3681352
1966097
1334559
2902206
3671810
2195945
3468320
1002519
2511955
65028
3478692
2420215
3209798
2313587
1254905
3999847
2283759
610964
3543802
741008
2676331
568572
572482
502889
949567
1030194
3959491
3586957
2697355
1401484
3809647
3659302
2291880
3409540
2383441
2867754
2020767
2508069
389979
1369769
4054179
1524658
3991041
2884864
657498
3651516
2249987
3553268
3983307
1685979
234196
293263
3999497
990929
3290948
3112779
1393615
831669
1952638
2641615
2430756
4075665
2499466
1110471
449684
4013693
128335
3994560
4124449
2581453
1979080
3969993
220985
2174033
881131
1151673
771834
1881920
4039694
1492353
2974509
406222
3797953
1011376
1167287
3516383
3854107
1300951
118592
3464964
1474138
1189097
555430
1942666
3133315
4172817
3219494
2880569
2435180
838108
3523180
2449730
3623121
1401853
3901202
458506
72277
1825464
109797
2139275
2340945
3705998
986278
460284
3861408
2024533
277712
1488090
4137486
1127603
159585
3021687
3875968
659485
1107314
789982
3414562
2472622
3235020
902617
2126481
2085567
3641043
3201585
2163476
524779
977403
2396099
1304477
708781
3444105
2028642
1191153
2173619
1124019
1962443
202818
95145
2275560
1108781
3895104
1731404
2937386
1307576
678523
501493
2768064
2963636
294539
3111219
1238246
1793958
2784747
3401483
12793
255377
64955
1978996
2491111
3336629
1047129
2075916
183613
3428704
1877800
2325245
1830534
1702348
3729768
3339173
587164
3319417
197061
2126238
1201815
395077
3342484
2333466
2523062
1661982
1951017
2208070
2101559
2387560
3664838
1650147
3438198
1983972
2160825
868642
1897488
2418125
1798336
3133233
61652
1819188
1547790
3702984
3624079
2547580
2865262
1065716
3428170
1149668
2524055
2113131
1596896
658509
2199668
3812019
1107195
1925791
3650236
829129
1385612
3033362
4168659
1990355
3958169
227653
3081349
4040864
3735826
2861126
1441684
2363341
1521080
1258131
2064586
3576930
3041589
3833802
2903690
4169784
2991023
885301
2974202
951891
4057808
1551706
53251
2779689
3978607
