199940
3149356
2849666
2269333
2862034
3595755
3890445
1861740
3164393
4037656
1327627
2053510
4087196
280629
4073610
2852464
3834291
2124250
474777
2227275
2726693
1373070
1294754
2759497
1306521
619000
334326
219940
2684063
427845
599094
3069526
1574305
2185104
504468
4166534
1788303
4057056
1106953
2091219
1497662
2256515
981288
2980593
171475
4142954
3911583
1870705
2352713
544155
2170821
4189585
984405
1956623
1580329
3021172
1854601
90168
962811
2243034
3261429
3670504
3371979
2736548
3438561
2452404
479204
1902092
3970463
4101378
1064160
3971537
1017296
2577860
729613
470178
391782
2508464
2588022
1357870
901719
2657923
2061529
2139908
2451327
603812
2085120
3811984
604774
1677598
2311932
1698135
3094244
3058222
3024093
2021460
3078838
2439043
3736334
1913374
3663749
2009490
2094545
2445637
3674297
2393586
3172289
2600847
1227010
1110150
2629390
3540440
1696449
3799244
1341314
603505
1608974
1232070
285221
2834749
367283
861523
1297317
2292864
1789446
3560328
877292
2153377
