4168866
2313679
3189863
472534
4023467
1426778
3847515
2599676
1124959
1150602
430696
2170716
3430185
3748222
2087615
217154
2708041
2065832
3298891
1450050
3642297
1481504
532435
2532055
3115809
1764862
820369
3325650
1786667
1593773
747640
1799055
984932
2738809
985207
2135940
1849089
3182592
3207315
2968829
2729459
2998284
2475113
3882491
2048227
2788236
1194947
2646309
3468163
3703309
3366841
3035501
3821841
463746
2139339
2687361
1781243
657808
1551028
2258604
606408
521865
813009
3725489
402962
2825944
1185783
691375
2763014
4145977
2562367
3719752
3052820
330062
2914893
644013
3200693
844247
483828
327572
569915
2368363
4051790
2277661
2421235
1906441
2171517
521185
599470
2492148
354697
1191281
1631563
948710
2362420
2207594
2185275
2943927
3479528
3416586
1602453
503571
4077597
3516488
1140942
3841391
4176984
3491779
1743156
1495325
3680971
936995
173979
1223455
1688689
2432348
664377
2729651
1304253
2690823
654426
664597
91905
270865
3791279
1371086
2088188
2104109
2161944
707298
2653041
256765
1559021
1261544
2919422
66343
2485068
535301
1136718
2774146
1923760
2874040
2972332
3298447
3005480
3612004
1017301
408107
3454324
4124374
1543217
3649927
1639673
788705
2762159
937855
411666
3806731
3919511
3964158
1753202
2072874
1329835
1035858
3036587
3424205
3572277
3106738
2498336
1622345
4141583
129076
1592932
2724410
767062
1974689
1886568
987760
1459688
179275
353784
1680080
2844087
2231872
3358384
3197417
2811395
770316
2693688
1981566
3848980
2872639
810093
1366863
1020943
4045189
1544205
1936474
261859
3775577
39727
2104866
2104073
1831979
4177094
1414141
2056995
3109566
21642
787469
3245590
3618208
2347043
3740236
3610373
73122
3423089
3292265
1871777
4033473
612810
2801960
413049
516770
1967668
1268944
3513285
226068
1703466
916176
430484
4144397
725900
1878413
139547
2443221
3770310
1012108
2249081
1944243
1140421
3896132
748673
1906218
2930278
230771
525595
1264159
1950792
947821
622099
2446242
64696
422689
3162767
1432069
1691817
1587303
4058613
2908149
2095158
1830926
1406099
3299769
356985
3295496
2892307
468629
3600688
1167152
497114
2410980
1043184
4121836
2893051
910981
2053287
2701133
1780794
1736897
743348
2249126
2469579
755645
294076
2178544
4079700
303211
2909948
2901781
751404
2183006
1147798
3535234
4043387
3503798
2490032
1643207
1549233
3829085
1532766
56966
1857774
783639
450706
2405422
1403058
137163
1723940
2251786
3573085
3184986
4000811
2321716
2164801
4040334
3555649
650453
3005692
2372744
3410098
2589096
1752983
698906
415748
2508411
1263182
1702252
78448
3583555
2615251
410079
1151900
2146012
204130
686382
391351
1685939
304938
2082957
775485
3942537
2773573
658162
3522999
1760720
2376498
3020385
1370433
3053
4142452
1839578
2831817
3370791
418986
3137973
2498285
1158867
367891
2136598
1142240
3895108
58714
2334687
3830838
3163005
2033086
1854799
2117586
1478418
3648983
1869709
345515
922735
1597258
3661864
4009825
1094821
1370210
2849330
131912
2437099
331819
75395
3635406
775672
1772565
1975411
1727025
1260459
2382400
3426787
1318047
2362643
940716
1074680
3883822
438885
1021626
359994
3921937
521699
902798
4086317
548373
2272742
1494063
1909082
1773533
951424
3322451
1403463
3982959
1712864
2004685
2899443
3563289
4177621
2893584
3055165
1390439
57674
127773
857127
3290321
222195
551661
2177175
4176321
522577
3972344
3570939
73195
1010216
3121695
3804516
1534301
439805
3721325
1362664
3475912
4057785
201878
775600
2132311
978936
3638130
3799486
357957
2235576
1705694
3900504
1739604
2160763
3163857
3864263
393925
45671
795995
326177
1721080
3511191
1927063
1250955
1173383
3945814
1330268
2972743
2785471
2394472
1365142
3123483
456295
1530919
3773556
1526957
4050099
3546476
2919118
2311384
778367
946478
1819217
1940744
3011186
71840
1831335
2106734
2040662
3451735
3410591
1488629
3838112
3395148
3835887
4159023
2130721
3145225
3796520
2380799
3842971
665387
1014014
2157788
870434
2776513
3444208
208685
2581509
1636899
4008466
1041752
1320855
2678914
3742112
774601
1691973
4180622
2434071
1101542
2114478
3417837
932080
3528039
3178183
4070815
3479674
1255450
1889334
3808836
3590538
904873
3944258
538319
2662716
112980
4126766
3855732
1070310
234673
821934
1622650
3719527
403762
3637572
2368839
167773
1159198
3847338
3061286
2467049
2144402
711153
2694977
266320
425134
3927610
1680278
3173907
993921
3491142
2188758
2513653
2966976
2240664
3103592
1291796
782536
16197
3629132
842137
2030544
3110311
2199398
279608
491828
3892612
528317
4084770
809344
3903042
2320475
1602414
3022351
1341786
1446135
193720
1249280
271998
2237581
379672
2446488
681824
76388
937833
2827478
3303299
752550
2357400
533979
1077042
3579539
1143000
218206
2219148
436505
3228394
2706057
2415369
3968795
726824
3399292
1789811
2364563
1285182
1170666
586343
3685605
1625190
794529
2909872
42516
510538
1972919
3249459
2589952
1348719
3033922
1261564
1646432
1382832
3140062
2365220
3550790
3926605
323502
1177475
1384208
803203
905280
2412043
1681965
3028214
497505
1510756
1174683
656676
2511564
2985509
3961470
2241134
3811997
3321662
1562871
1818410
1034525
3069001
3364384
1163049
3823499
3282089
194471
1444492
768936
2585963
1781065
1034072
2433323
2632261
961680
4187493
3396438
2882401
719910
2576788
1227906
1208605
13032
462162
2074775
1933275
3031458
48413
1494397
3599601
1765137
4012702
802348
1732380
2892079
1448804
2007394
221158
1174007
1817494
2217571
237472
2259277
2105845
3923994
140611
2417656
4073606
2023829
3968280
3038999
929595
2601752
3180385
590503
4020222
3055968
2902221
3282576
1890223
250631
146058
4144398
1363638
820825
1962666
231723
700943
3934484
3707178
2180099
3175279
1708394
3096719
359216
990433
3143630
2101490
732471
1934164
3709922
3152155
2218887
1720420
560601
835541
1410949
1816266
1141877
3066159
2587139
3299475
1132884
3478086
1566863
2071513
287377
895639
1285020
1961328
4103190
1716713
139121
2510953
1788180
4058022
3415503
3699336
2821168
3794372
876592
954477
2169750
1348412
2374604
1292778
2121474
2423978
803036
4179586
551716
2609760
3753368
868325
1120039
3074927
2042394
2424611
1529855
2482006
703056
2247991
816469
2965445
2025277
1993208
3013033
3902236
4126542
696881
1614341
1905916
3189400
1541807
2189567
1632661
1129724
3978775
1103482
274084
4144341
2057701
92603
1299736
1409611
1493429
2157647
3465099
1390913
2907556
2015628
990892
2169480
339162
3091316
2822903
138008
3398607
3517438
381395
2474048
2413540
2491739
106154
2565245
2840102
3614663
2211561
2873060
3681681
1945202
2257921
1321129
1255771
2531967
2839657
2155387
3711035
1555833
531847
4029864
3742237
2511323
1218986
2875556
623448
3930738
2850237
2644794
3560966
1494652
1925419
461337
722086
1994338
1730800
3760265
4180751
2928794
2763812
2073069
4140388
592038
1903534
962353
3952009
3864066
913709
2001497
251658
667515
621275
1842773
2985590
545833
2926114
4096520
1272752
1424900
1941796
3103666
764426
3761070
3506396
2187028
19783
1796583
599042
3455735
801166
3273695
2168939
782241
2986324
2653080
4083779
3150198
607788
256632
3117849
953685
3017029
848739
2393136
2893450
873377
82645
1670050
176253
3262527
1828583
2487512
2755851
986998
3854448
1308643
379318
1279944
3910809
942570
2155425
3265023
1652276
1200331
1172265
2692879
4033337
3050752
332509
656357
3970218
3488731
1016120
2501353
988110
86637
4109989
1367934
612946
1313651
4131440
126533
422789
193208
3166886
786182
3607390
3989545
3326179
1344437
3704460
1870253
891282
3508364
962424
1882964
1364753
3842711
1220870
200570
1034343
1226196
1337540
3714198
3486611
2534155
1471392
254497
4193190
3767811
1392956
3205687
666998
2597158
1005433
2028892
2842234
1459068
2227747
386083
3279792
43791
3918875
3182374
1146199
2099965
2597448
1702058
1538929
3299448
2916186
267277
147064
412375
279307
2905243
2983296
902893
900899
632731
3509093
3352893
3990657
3752670
4145784
498773
1203254
2488427
2502931
3127834
3235032
4099988
1614963
834786
1115081
990551
1501624
2349468
2567999
1386646
4131009
3963636
2909870
893741
851624
1125678
3058622
254622
2317850
2294493
3239898
1939341
558169
1595016
1071292
4121201
247436
166204
3230893
647426
896710
109021
3393430
2605397
64416
3010501
2846617
3506580
3491596
3483058
1403619
633827
2529197
3708556
696024
3739759
443023
3096915
2901046
3020105
1634453
948632
170577
208438
4082239
1295691
3541819
19947
3957797
1188183
743115
1335419
3312877
1920573
489935
4021988
570206
304472
829325
2035426
2473364
3746345
957328
3029094
890873
2606070
3604447
1043916
898992
1525836
3678177
1344823
1459461
210787
3207275
4142381
4132747
3184991
2717461
2963027
3662985
2826670
3743085
2303413
2739943
68200
1515253
608624
3218620
868339
3169552
138551
2267590
865619
546741
2082411
4185606
1335785
3511867
1476168
1885546
2497903
3315258
2431961
1704308
3592594
4070260
3102090
2907600
541857
4083543
1579517
1781313
2060600
2566744
3840997
3259
2848218
289151
822673
1090817
2995823
2019598
30652
2550586
3539626
3271536
593842
3858349
1124864
4151078
2796962
3867427
1241293
1077481
1165082
3705715
1311124
599104
3341651
192242
2607465
1895326
2676763
979098
1590034
2551540
206989
2493178
900046
2079151
1337387
1046633
2689193
385350
3084026
478304
3284605
4075677
2358985
321058
3476417
3438043
1782736
585081
1286581
1906393
540020
983119
1401661
135282
2886437
2249113
1141803
630430
2677654
1100496
3537138
3245856
960551
988085
3064547
2294966
2958302
3240015
2813690
1750328
1178234
855942
2187757
686777
421109
1429749
2434422
3020593
910128
3363725
112589
2091681
3886820
3877944
2011519
3418172
1091516
764764
3387016
3282576
4099132
2058762
1901999
1983529
1135468
38749
3115126
1370899
1450813
1181451
479740
2737023
1965694
3730555
728159
3878381
2989665
714883
3908475
1456687
4008994
2315512
3914605
3508232
987907
1445457
3553339
1276909
3170868
3840678
1203450
2193538
4047302
3725416
1845499
3313774
3148246
204227
3745612
382360
2508926
1063522
1569779
3922980
2883984
1569869
125987
156264
3149785
2327441
428507
376632
1050591
1930328
3467885
1783619
2338460
2588069
995622
3884314
679712
1838216
2394333
1804438
4172304
2480505
2884024
2434580
1885056
1608688
730135
2785437
1163574
3526115
3142064
2945471
745733
4185928
624247
3612341
1319469
3397075
2321427
843427
3412171
826817
1142946
2116974
257531
61879
975314
560176
3402908
4055600
3896950
670709
2863491
3959644
3944978
403479
2880147
1885710
2465510
1541097
1597306
1837372
3407361
1718779
2982566
522413
1037886
2346834
1963822
1577584
2564845
1476940
3711092
1550906
2586569
3345486
1337558
767049
2177048
1823177
633373
169958
3576831
1302277
3823467
2471355
81980
980391
240949
220767
732193
3628062
931564
780330
3440424
1574798
1613758
3618470
3328710
3929421
3218295
2822782
2790657
1825323
1490755
2420010
1153919
1312585
1373074
599492
3260224
2113098
3902964
642333
907723
1427347
2454843
2105083
2089614
511211
440433
57495
2105884
1743054
845391
3131085
545375
2930762
2304785
1011771
1731728
1913390
1632642
2441930
2799185
2004893
1573604
1751507
4005825
1403456
1317435
2963697
3801619
3835760
1154846
2813397
3919401
289231
4066909
2013076
3314257
3702978
1528856
2817499
3488987
3160799
716898
1047602
979932
2553972
1874635
2417460
3202102
361303
3062066
1346834
480456
1461033
2037450
3097132
4048045
703336
2293561
686157
3388078
1671038
450178
2464427
588208
2226296
3405987
256143
3058155
291708
1891816
2223053
384534
3009446
3147246
3832688
1287995
526001
771575
1451853
3723124
3094278
3955897
3440315
773693
4002314
2332941
2458368
2446083
969777
2159333
2610921
1409416
842698
3623723
1817949
2710620
2446773
459393
2947939
3342288
1618491
3553607
2910394
2663789
839013
962299
1665313
2508090
2399065
1809136
3522043
4126063
841708
1157336
293800
1909443
1204166
1690733
780196
4087657
947619
2004362
2088378
2326678
3475197
813636
3736139
3580025
1329296
1122067
3035524
66608
2017938
2303867
2104632
3734973
1045503
776525
4128983
3040015
667628
4144580
47018
3354943
2831592
2679160
567708
3879664
3329922
4102808
1506454
756040
3873500
3054584
2394669
3808431
1465229
583715
3382895
25377
1420463
2279590
1178793
1276997
2967914
3455435
2108124
2732143
3247007
753130
863939
427640
1756053
1934484
3420028
997341
1957344
2927737
3689388
796037
245928
4050777
250103
1420791
3809915
2279484
387410
3157657
4103501
2490503
2269743
461787
1587933
4103606
1619551
2582341
2965787
2964323
387029
3570459
571035
2029868
632657
2576792
3238868
1078814
3194290
1939015
3828859
1397327
1851087
2731794
1088630
2586857
3973752
1563988
2029486
3952305
1661385
688430
3068025
3144770
2822944
756503
2677689
402152
3034009
1846750
314932
837687
2225856
3187323
2540708
118929
225001
2410362
3418120
1867614
2376225
2731100
3279496
2642698
3523101
2706173
639415
3732252
3567460
3195378
129853
55563
552854
3207785
1302938
3892902
502434
1620568
3401226
4070456
4093405
2836716
2239108
1347540
1624083
2991172
3365774
2858067
191086
969700
2361856
1563389
2340170
161872
1576079
3124587
1603236
425326
3815972
116770
117088
3139740
1028994
4032933
1716896
259369
284832
3212374
1884384
2842109
3810797
2798735
3203439
3541967
1968511
3733811
491992
1931956
1018614
531929
3534702
1975650
3541165
2597759
833522
2760767
1909695
390982
1631705
2372654
2289665
77107
1998898
3284456
3953368
953665
1807722
2400478
3824947
1364714
2706339
153399
973683
1543280
1353206
3757424
2554252
2992506
2387663
2036571
2632594
3865582
3601014
3284043
776370
2335740
3792877
2625537
3199411
3150431
2543976
4088153
1580669
3706032
552443
3733689
799837
4113286
3782901
1014846
1926089
2285816
2301312
3848203
2019892
3381302
1001967
1997885
1244553
1270400
206515
3111492
2197621
3789437
3934362
2618386
670395
2909158
2508085
1617628
1355090
3376487
3395370
674515
3015040
2812489
2767033
1461953
990836
1813819
2957587
2635269
3403907
1372817
110481
346777
1564270
3947114
1264150
1589371
1333772
1794992
1380984
1929010
2943916
3626786
1890532
1985534
3965972
2128360
3063293
2084981
1605201
2165273
3854059
2743904
3084749
1626796
833162
3401706
614268
3734317
1007049
3625036
2507116
1765548
3901888
824804
3678955
3587585
1054116
917584
1645007
918714
283856
3754400
1995503
1466359
1924902
3582557
921957
781498
1690283
3056778
2944829
872605
1030068
1238634
1713060
1560880
1456331
4131776
3113951
2056747
975102
1793758
787943
1950250
3616196
1178367
3919201
1065727
2500882
378387
1074244
2145708
439974
686487
1881417
99659
748400
1618389
3896197
1444908
2479748
4027073
2044033
2144573
680207
1634511
735480
2663254
3306046
2118074
2131254
1116642
1997936
3782562
4137914
2684401
2966457
45252
2044466
746535
3857659
4050532
2474919
1311895
1982534
799120
432630
343580
3551519
1613401
812480
4032244
235578
1669042
3771302
1142331
3944027
2837673
1270043
1981685
442886
1255947
1953984
382808
2441436
4151904
147772
851715
742875
3391319
1327504
703147
3768226
3149662
1781552
2623519
1552153
732137
162038
4075390
1201880
391900
3306037
1692645
1305594
2293312
881064
328894
11260
2995582
2934676
128783
2969512
62781
303648
2601711
2096548
2092110
3064762
2024933
651348
3775218
3795008
160200
285896
109332
264017
1280219
4081793
1147782
3784480
3211889
2675634
1388956
779804
50986
2144213
261338
3271516
148123
3270840
4013180
840454
1941595
456642
1198720
1927938
3705445
2846013
3374143
526970
3654345
1861678
2331408
3424041
1620964
791194
3145836
1406748
1196262
2029295
3795147
441404
3057780
3405404
3917089
1647451
1580556
3477279
252662
457498
1835209
3014897
2916638
2948396
832470
2934764
1853413
3897861
3281478
2375697
752874
2628509
707649
620812
130135
1350211
344226
2159217
3353143
3454094
3192679
3048893
2075254
2313131
3669995
3571776
1976977
2730493
733855
3745571
347382
228166
2593351
2916645
2886064
639448
3139342
3577314
2591571
2880503
3132084
3442278
2319573
3014867
1276420
1166638
3928057
2436968
3275269
2566878
1303225
3615641
124136
992870
1459122
2980619
939642
603507
3472703
1454996
957786
3317222
3164005
3730209
